1.111702	1000	6.268816	6.269928
0.148103	2	0.006919	0.007067
0.143493	1	0.004477	0.004620
0.144930	1	0.002678	0.002823
0.144370	2	0.007965	0.008110
0.144216	1	0.004106	0.004250
0.391617	517	2.921117	2.921509
0.376370	484	3.377476	3.377853
0.144784	1	0.004374	0.004519
0.394458	517	2.916722	2.917116
0.928948	496	3.178245	3.179174
1.097787	1000	6.789767	6.790865
0.171791	1	0.004226	0.004398
0.166101	1	0.004350	0.004517
0.165872	1	0.003829	0.003995
0.164629	1	0.003758	0.003923
0.165992	1	0.028880	0.029046
0.166506	1	0.005271	0.005437
0.168536	1	0.020797	0.020965
0.169023	1	0.002750	0.002919
0.424931	1	0.003115	0.003540
0.584688	505	3.011499	3.012083
0.166713	1	0.002744	0.002911
0.164695	1	0.002961	0.003126
0.164473	1	0.004073	0.004237
0.165987	1	0.003284	0.003450
0.164193	1	0.002739	0.002903
0.164667	1	0.004407	0.004571
0.166954	1	0.006833	0.007000
0.423660	505	3.394260	3.394683
0.431892	1	0.002831	0.003263
1.539005	1000	5.899102	5.900641
0.165659	1	0.022622	0.022787
0.164160	1	0.003939	0.004104
0.164317	1	0.006575	0.006739
0.173513	1	0.003316	0.003490
0.428985	485	3.113312	3.113741
0.164508	1	0.003200	0.003364
0.474938	516	3.306217	3.306692
0.645730	1000	6.572978	6.573623
0.412897	1	0.002931	0.003344
0.169472	1	0.003799	0.003968
0.166287	1	0.003012	0.003179
0.165797	1	0.016468	0.016634
0.165442	1	0.002981	0.003147
0.163900	1	0.007055	0.007219
0.166341	1	0.003276	0.003443
0.173043	1	0.003284	0.003457
0.176203	1	0.002642	0.002818
0.167427	1	0.003058	0.003226
0.428139	1	0.004184	0.004612
0.163710	1	0.002972	0.003136
0.165205	1	0.004226	0.004391
0.165438	1	0.008625	0.008791
0.170682	1	0.003799	0.003970
0.171166	1	0.003200	0.003371
1.123259	511	2.929295	2.930418
0.174700	1	0.002807	0.002981
1.231944	1000	6.372688	6.373920
0.395317	490	2.678052	2.678447
0.412123	1	0.003121	0.003534
0.166897	1	0.005170	0.005337
0.166254	1	0.005262	0.005429
0.166129	1	0.004265	0.004431
0.164576	1	0.004326	0.004491
0.168844	1	0.003979	0.004148
0.165169	1	0.003548	0.003713
0.165050	1	0.003338	0.003503
0.166360	1	0.003309	0.003476
0.616985	502	3.085773	3.086390
0.434149	1	0.002723	0.003157
0.185701	1	0.002961	0.003147
0.427194	264	1.556444	1.556871
0.163547	1	0.003633	0.003797
0.167520	1	0.003803	0.003971
0.165318	1	0.003301	0.003466
0.951215	1000	6.482818	6.483769
0.669751	1000	6.448619	6.449288
0.166516	1	0.003937	0.004103
0.167841	1	0.003301	0.003469
1.115263	509	3.232655	3.233770
0.167815	1	0.002931	0.003099
0.165925	1	0.003863	0.004029
0.165000	1	0.003803	0.003968
0.171435	1	0.009338	0.009509
0.168202	1	0.020797	0.020965
0.163594	1	0.003201	0.003365
0.710618	492	3.319867	3.320578
0.166044	1	0.003059	0.003225
0.168179	1	0.006063	0.006231
0.440804	1	0.002642	0.003083
0.168834	1	0.003736	0.003905
0.166501	1	0.003162	0.003329
0.167668	1	0.003399	0.003567
0.165002	1	0.006833	0.006998
0.165731	1	0.003227	0.003393
0.165205	1	0.003989	0.004155
0.164417	1	0.028880	0.029044
0.164412	1	0.003490	0.003654
0.165261	1	0.002758	0.002924
