0.300121	1	0.003730	0.004030
0.067206	1	0.004363	0.004430
0.064441	1	0.005391	0.005455
0.064795	1	0.004374	0.004439
0.064491	1	0.003309	0.003374
0.064201	1	0.005271	0.005335
0.070179	1	0.003159	0.003229
0.065062	1	0.003159	0.003224
0.064325	1	0.003315	0.003379
0.112198	1	0.003735	0.003847
0.208008	1	0.003132	0.003340
0.125805	1	0.006275	0.006401
0.067364	1	0.003818	0.003885
0.066313	1	0.004363	0.004429
0.065052	1	0.002931	0.002996
0.119959	1	0.003989	0.004109
0.086424	1	0.002691	0.002777
0.066285	1	0.008625	0.008692
0.093672	1	0.002929	0.003023
0.077090	1	0.002892	0.002969
0.160301	1	0.003474	0.003634
0.078734	1	0.003796	0.003875
0.063458	1	0.006275	0.006338
0.062760	1	0.003061	0.003124
0.063233	1	0.003863	0.003926
0.065693	1	0.020797	0.020862
0.063679	1	0.005662	0.005725
0.123898	1	0.003735	0.003859
0.063714	1	0.003227	0.003291
0.063614	1	0.003661	0.003724
0.198597	1	0.003227	0.003426
0.082108	1	0.006512	0.006594
0.065244	1	0.007407	0.007472
0.064934	1	0.005298	0.005363
0.064561	1	0.003274	0.003338
0.064506	1	0.003736	0.003801
0.063539	1	0.002990	0.003053
0.063871	1	0.003419	0.003483
0.064147	1	0.003338	0.003402
0.066092	1	0.005682	0.005748
0.114017	1	0.004096	0.004210
0.063754	1	0.003758	0.003822
0.062804	1	0.003041	0.003104
0.061830	1	0.007407	0.007469
0.064497	1	0.003381	0.003445
0.062454	1	0.006512	0.006575
0.062188	1	0.003419	0.003481
0.065492	1	0.004184	0.004249
0.062175	1	0.003791	0.003853
0.061882	1	0.005662	0.005724
0.156091	1	0.003781	0.003937
0.064114	1	0.004073	0.004137
0.064793	1	0.002855	0.002920
0.063738	1	0.002744	0.002808
0.064816	1	0.003425	0.003489
0.064233	1	0.003712	0.003776
0.063778	1	0.006512	0.006576
0.064043	1	0.003154	0.003218
0.065486	1	0.004453	0.004519
0.065668	1	0.002983	0.003049
0.110055	1	0.003132	0.003242
0.062898	1	0.005662	0.005725
0.062951	1	0.003876	0.003939
0.066681	1	0.003474	0.003541
0.062876	1	0.003736	0.003799
0.063903	1	0.006063	0.006127
0.062356	1	0.004594	0.004656
0.062651	1	0.004179	0.004242
0.062287	1	0.002972	0.003035
0.133223	1	0.005682	0.005815
0.239952	1	0.046311	0.046551
0.055930	1	0.003696	0.003752
0.055061	1	0.003818	0.003873
0.054158	1	0.016468	0.016523
0.054669	1	0.005262	0.005317
0.055037	1	0.002642	0.002697
0.055586	1	0.002642	0.002697
0.054028	1	0.004946	0.005001
0.054532	1	0.004598	0.004653
0.054098	1	0.002952	0.003006
0.139325	1	0.048429	0.048568
0.062645	1	0.004073	0.004135
0.051934	1	0.003013	0.003064
0.051680	1	0.003132	0.003183
0.055018	1	0.003301	0.003356
0.052341	1	0.005298	0.005350
0.052402	1	0.003301	0.003354
0.052325	1	0.004946	0.004999
0.052984	1	0.004407	0.004460
0.052517	1	0.002750	0.002802
0.094931	1	0.003699	0.003794
0.057437	1	0.004214	0.004271
0.052318	1	0.082097	0.082149
0.051440	1	0.003943	0.003995
0.051481	1	0.004912	0.004964
0.126182	1	0.007055	0.007181
0.056104	1	0.005682	0.005738
0.128188	1	0.003406	0.003534
0.053731	1	0.003633	0.003687
0.053511	1	0.003255	0.003308
