13.777687	8000	47.798411	47.812189
0.048484	2	0.009617	0.009666
0.016299	1	0.002750	0.002766
0.014814	1	0.004350	0.004365
0.020829	2	0.008229	0.008250
0.015428	2	0.006052	0.006068
6.584675	4017	24.577182	24.583767
6.741553	3984	24.006763	24.013505
0.046221	1	0.003200	0.003246
6.775657	4017	25.003913	25.010689
7.904431	3948	23.928511	23.936415
15.529005	8000	48.015556	48.031085
0.051110	1	0.003372	0.003423
0.015428	1	0.005170	0.005185
0.106173	2	0.006329	0.006435
0.020633	1	0.004350	0.004371
0.015901	1	0.003445	0.003461
0.013303	1	0.003203	0.003216
0.013139	1	0.003723	0.003736
0.014167	1	0.003159	0.003173
0.014952	1	0.003699	0.003714
7.567385	4007	24.471131	24.478699
0.047147	3	0.011958	0.012005
0.014513	1	0.003276	0.003291
0.013893	2	0.009222	0.009236
0.013834	2	0.031941	0.031955
0.012302	1	0.002961	0.002973
0.013966	1	0.004326	0.004340
0.011663	1	0.004073	0.004084
7.068623	4007	23.857085	23.864154
0.017784	2	0.006402	0.006419
21.218326	8000	47.847779	47.868997
0.052123	1	0.003301	0.003353
0.015245	1	0.003372	0.003387
0.012922	1	0.003363	0.003376
0.016519	2	0.020682	0.020698
74.642687	4031	25.083766	25.158409
0.056564	2	0.006060	0.006117
7.685169	3970	24.346438	24.354123
15.362639	8000	49.641986	49.657349
0.017085	2	0.006701	0.006718
0.014424	1	0.004265	0.004279
0.012048	1	0.003013	0.003025
0.017982	1	0.003328	0.003346
0.013724	2	0.007668	0.007681
0.009839	2	0.006832	0.006842
0.014589	3	0.009840	0.009855
0.011666	1	0.003601	0.003612
0.012873	1	0.003511	0.003524
0.013259	2	0.019218	0.019231
0.016896	1	0.022622	0.022639
0.010909	1	0.002831	0.002842
0.012991	1	0.003227	0.003240
0.012348	1	0.003315	0.003327
0.012858	1	0.002952	0.002965
0.014277	1	0.016468	0.016483
7.804706	3991	23.037115	23.044920
0.052461	1	0.003930	0.003982
20.039535	8000	50.549556	50.569596
8.155042	4010	24.685484	24.693639
0.015812	1	0.003227	0.003243
0.012328	1	0.006798	0.006810
0.011813	1	0.005298	0.005310
0.011736	1	0.002642	0.002653
0.011593	1	0.003490	0.003501
0.012459	1	0.016497	0.016510
0.010350	1	0.006063	0.006073
0.009162	1	0.004184	0.004193
0.010290	1	0.003012	0.003023
8.046288	4000	24.194902	24.202948
0.014981	1	0.004477	0.004492
0.012816	1	0.003237	0.003250
3.969894	2038	12.638735	12.642705
0.033012	1	0.016497	0.016530
0.010068	1	0.005117	0.005127
0.012474	1	0.003284	0.003297
15.224983	8000	47.432447	47.447672
15.166308	8000	47.599521	47.614687
0.048384	1	0.003013	0.003061
0.017007	1	0.004594	0.004611
15.962382	4014	24.421020	24.436982
0.052393	1	0.003041	0.003093
0.016312	1	0.002983	0.002999
0.016090	1	0.003425	0.003441
0.014988	1	0.003363	0.003378
0.014217	1	0.002642	0.002656
0.014107	1	0.002691	0.002705
8.614281	3987	22.739041	22.747655
0.050535	1	0.003548	0.003598
0.017563	1	0.003422	0.003439
0.033891	2	0.007424	0.007458
0.015905	2	0.007068	0.007084
0.012297	2	0.006382	0.006395
0.013331	2	0.008698	0.008711
0.011639	2	0.009125	0.009137
0.015238	3	0.010688	0.010703
0.011475	1	0.003406	0.003417
0.011316	1	0.016468	0.016480
0.011250	2	0.010869	0.010880
0.011478	1	0.002713	0.002724
