3566.657793	33001	199.258796	202.825454
3510.431041	2001	12.185342	15.695774
3532.051239	2003	12.459016	15.991068
3600.809100	2005	12.259110	15.859919
3478.278497	2007	11.333360	14.811638
3602.921316	2009	11.893628	15.496549
3565.997044	2011	12.227502	15.793499
3526.218708	2013	11.858375	15.384593
3598.855976	2015	11.434935	15.033791
3586.431623	2017	11.152898	14.739330
3286.447771	33001	200.240983	203.527431
3368.128219	2001	11.349682	14.717810
3326.258977	2003	11.858067	15.184326
3340.605454	2005	11.806749	15.147354
3386.046607	2007	11.852499	15.238546
3373.138941	2009	12.156509	15.529647
3331.580014	2011	12.266589	15.598169
3295.650952	2013	12.172061	15.467712
3377.778438	2015	11.225449	14.603228
3304.346714	2017	11.810016	15.114363
3677.801959	33001	200.998993	204.676795
4014.114525	2001	12.342603	16.356718
4477.496210	2003	11.940570	16.418066
4115.496740	2005	11.178415	15.293912
4140.660118	2007	12.119206	16.259866
3987.968534	2009	10.885947	14.873916
4085.193435	2011	12.390527	16.475721
4071.777145	2013	11.404112	15.475889
4049.612707	2015	11.739761	15.789373
3766.233327	2017	11.989328	15.755561
3228.654142	33001	199.085276	202.313930
3352.874985	2001	12.569866	15.922741
3312.565964	2003	12.259950	15.572516
3365.521650	2005	11.634661	15.000183
3319.100155	2007	12.094006	15.413106
3345.371499	2009	11.446381	14.791752
3309.395963	2011	12.973631	16.283027
3286.361052	2013	11.217907	14.504268
3374.683206	2015	11.368552	14.743235
3253.313408	2017	12.037549	15.290863
3831.273125	33001	201.909976	205.741249
3852.721907	2001	11.955735	15.808457
3871.525093	2003	13.057770	16.929295
3842.268350	2005	12.610530	16.452799
3816.820329	2007	11.586247	15.403067
3868.752367	2009	12.504531	16.373283
3794.367714	2011	11.535937	15.330304
3720.473357	2013	11.866758	15.587231
3739.904397	2015	11.939628	15.679532
3774.406330	2017	12.145040	15.919446
3639.164700	33001	199.335286	202.974451
3729.225734	2001	12.453547	16.182773
3656.352194	2003	12.490919	16.147271
3693.300634	2005	12.305815	15.999116
3673.467908	2007	11.205297	14.878765
3586.564885	2009	12.029154	15.615719
3654.553650	2011	11.750630	15.405183
3661.826613	2013	12.156728	15.818555
3663.073656	2015	11.864138	15.527212
3602.031988	2017	11.937137	15.539169
3385.494058	33001	196.899219	200.284713
3358.604375	2001	11.717336	15.075940
3363.941306	2003	11.551473	14.915414
3409.700410	2005	11.675441	15.085142
3346.712250	2007	12.639942	15.986655
3275.302154	2009	12.097640	15.372942
3344.749303	2011	12.269149	15.613898
3346.485714	2013	12.532183	15.878668
3249.670206	2015	12.229828	15.479499
3317.678621	2017	12.561864	15.879543
3726.138217	33001	197.376934	201.103072
3770.310513	2001	12.662984	16.433294
3743.425186	2003	11.909694	15.653119
3739.644872	2005	11.233852	14.973497
3715.842456	2007	12.484192	16.200035
3723.988052	2009	12.121249	15.845237
3729.713716	2011	12.405843	16.135556
3785.125204	2013	13.265987	17.051113
3781.955555	2015	12.313771	16.095727
3794.045719	2017	12.323758	16.117804
3588.857490	33001	196.878357	200.467214
3616.352080	2001	12.439266	16.055618
3624.993326	2003	12.111842	15.736835
3626.733589	2005	12.099552	15.726286
3570.986601	2007	12.444410	16.015397
3542.745107	2009	12.380473	15.923218
3545.390694	2011	12.531620	16.077011
3541.083089	2013	11.828050	15.369133
3571.614850	2015	12.775333	16.346948
3566.495127	2017	12.548333	16.114828
3354.158198	33001	197.770218	201.124376
3344.673846	2001	11.801270	15.145944
3462.915226	2003	11.118597	14.581512
3409.177508	2005	12.002162	15.411339
3439.980552	2007	11.762784	15.202764
3475.044513	2009	12.815895	16.290939
3330.241524	2011	11.570976	14.901218
3285.591634	2013	12.596479	15.882070
3276.476383	2015	12.193495	15.469971
3283.086822	2017	12.326713	15.609799
