145.273386	16002	97.089172	97.234445
64.147171	16002	97.673418	97.737565
58.475240	16002	99.014266	99.072741
130.540172	16002	95.072459	95.202999
61.414422	16002	94.273457	94.334872
52.960847	16002	94.705378	94.758339
115.272717	16002	96.301849	96.417122
58.934090	16002	97.273909	97.332843
57.618759	16002	95.748562	95.806181
53.336546	16002	96.115075	96.168412
51.387221	16002	95.176887	95.228274
58.466902	16002	97.332836	97.391303
49.682555	16002	95.694887	95.744569
121.889969	16002	95.802988	95.924878
56.110798	16002	95.246086	95.302197
54.473600	16002	98.468209	98.522682
120.556920	16002	94.999034	95.119591
57.381168	16002	96.365063	96.422444
64.653696	16002	99.293880	99.358534
120.112764	16002	95.455164	95.575277
67.746742	16002	94.063344	94.131091
56.073905	16002	96.442230	96.498304
120.209302	16002	96.749666	96.869875
60.708610	16002	97.210262	97.270970
61.670726	16002	96.537025	96.598696
57.350784	16002	95.222259	95.279610
56.275403	16002	97.636063	97.692339
62.130022	16002	97.472229	97.534359
56.134448	16002	97.067418	97.123552
53.195017	16002	97.393739	97.446934
60.554638	16002	95.296170	95.356724
51.162121	16002	95.104374	95.155536
51.622975	16002	95.668751	95.720374
60.248594	16002	99.202554	99.262803
52.090143	16002	96.204572	96.256662
54.618662	16002	98.045707	98.100326
61.324697	16002	95.688517	95.749841
56.248755	16002	93.806545	93.862794
145.218065	16002	95.145681	95.290899
57.671542	16002	94.784286	94.841957
57.149736	16002	96.418992	96.476142
124.355803	16002	97.010623	97.134979
57.167663	16002	97.431425	97.488593
55.085937	16002	95.874371	95.929457
129.211265	16002	94.532199	94.661410
63.563961	16002	93.691896	93.755459
69.643795	16002	96.424961	96.494604
55.760742	16002	95.615772	95.671532
61.026414	16002	98.398732	98.459759
60.502980	16002	96.731943	96.792446
54.282219	16002	95.252010	95.306292
130.352669	16002	97.111840	97.242192
59.553020	16002	96.029269	96.088822
56.090963	16002	96.117695	96.173786
129.991889	16002	96.344766	96.474758
59.036590	16002	96.074690	96.133726
58.681481	16002	94.478203	94.536884
60.493001	16002	96.966782	97.027275
57.103703	16002	96.794522	96.851626
60.660252	16002	97.333916	97.394576
48.933747	16002	96.981025	97.029959
53.586903	16002	97.681575	97.735162
57.462279	16002	95.209644	95.267106
51.468220	16002	94.868972	94.920441
53.514580	16002	96.171492	96.225006
58.384165	16002	93.922896	93.981281
61.207669	16002	95.734875	95.796083
123.972536	16002	95.031405	95.155378
58.004175	16002	100.207072	100.265077
62.802367	16002	98.159013	98.221815
123.774606	16002	95.246412	95.370187
65.273269	16002	97.161595	97.226869
55.343314	16002	95.589354	95.644697
131.213047	16002	96.973367	97.104580
62.233493	16002	94.947441	95.009674
59.036376	16002	93.933321	93.992357
57.087520	16002	98.342465	98.399553
63.705898	16002	93.958380	94.022086
63.037439	16002	96.798701	96.861738
51.584439	16002	97.356712	97.408296
56.531058	16002	97.631531	97.688062
62.530057	16002	95.056248	95.118778
55.988942	16002	97.968183	98.024172
53.881743	16002	97.117040	97.170922
63.086631	16002	95.557997	95.621083
60.024698	16002	96.179782	96.239807
128.882161	16002	95.723275	95.852157
61.038731	16002	97.360750	97.421789
61.423248	16002	96.537506	96.598929
121.100168	16002	96.748033	96.869133
58.585658	16002	96.078362	96.136948
57.285587	16002	95.654038	95.711324
60.702387	16002	96.075299	96.136002
58.489530	16002	97.544010	97.602499
58.069779	16002	95.604239	95.662309
59.042673	16002	95.063385	95.122427
61.422204	16002	94.771346	94.832768
67.100781	16002	95.759588	95.826689
55.233914	16002	96.124783	96.180017
57.746785	16002	96.626894	96.684641
