0.002858	1	0.003791	0.003794
0.002011	1	0.004588	0.004590
0.001969	1	0.003372	0.003374
0.001501	1	0.004588	0.004589
0.002376	1	0.003041	0.003043
0.002188	1	0.048429	0.048431
0.002161	1	0.003315	0.003317
0.002042	1	0.005342	0.005344
0.001897	1	0.004407	0.004409
0.001854	1	0.002981	0.002983
0.003431	1	0.004588	0.004591
0.002344	1	0.003203	0.003205
0.002126	1	0.003301	0.003303
0.002417	1	0.003803	0.003806
0.001952	1	0.016497	0.016499
0.001782	1	0.005832	0.005834
0.001873	1	0.002747	0.002749
0.004290	1	0.006275	0.006279
0.002389	1	0.003342	0.003344
0.001625	1	0.003712	0.003713
0.003440	1	0.009338	0.009341
0.001712	1	0.003230	0.003232
0.002110	1	0.003159	0.003161
0.002359	1	0.003378	0.003380
0.002255	1	0.002712	0.002714
0.001827	1	0.002831	0.002833
0.002244	1	0.006833	0.006835
0.001703	1	0.003417	0.003419
0.001785	1	0.004374	0.004376
0.003888	1	0.005277	0.005281
0.002676	1	0.002981	0.002984
0.002375	1	0.004374	0.004377
0.001643	1	0.003311	0.003313
0.002088	1	0.003601	0.003603
0.002040	1	0.003548	0.003550
0.001797	1	0.003780	0.003782
0.001809	1	0.004184	0.004186
0.002097	1	0.003328	0.003330
0.002005	1	0.003061	0.003063
0.002060	1	0.003372	0.003374
0.003342	1	0.004073	0.004076
0.002466	1	0.003633	0.003636
0.002192	1	0.004080	0.004082
0.002193	1	0.003511	0.003514
0.002257	1	0.003937	0.003939
0.002020	1	0.003661	0.003663
0.002195	1	0.004080	0.004082
0.001622	1	0.005262	0.005264
0.002538	1	0.003417	0.003420
0.001688	1	0.004598	0.004600
0.003476	1	0.003781	0.003785
0.002389	1	0.002972	0.002975
0.002245	1	0.005170	0.005172
0.001661	1	0.003280	0.003282
0.002044	1	0.004080	0.004082
0.001851	1	0.003378	0.003379
0.002071	1	0.004445	0.004447
0.001685	1	0.004378	0.004380
0.001525	1	0.004179	0.004180
0.001713	1	0.003758	0.003760
0.003252	1	0.003012	0.003016
0.001839	1	0.004096	0.004098
0.002285	1	0.003799	0.003801
0.001814	1	0.004129	0.004131
0.002140	1	0.057348	0.057350
0.001537	1	0.005298	0.005299
0.002039	1	0.004946	0.004949
0.001635	1	0.003865	0.003866
0.001981	1	0.003227	0.003229
0.002108	1	0.003791	0.003793
0.003517	1	0.004326	0.004330
0.002376	1	0.007407	0.007409
0.002088	1	0.003012	0.003015
0.001904	1	0.003201	0.003203
0.001962	1	0.003227	0.003229
0.002013	1	0.003410	0.003412
0.002149	1	0.005170	0.005172
0.002106	1	0.016468	0.016471
0.001932	1	0.002931	0.002933
0.002294	1	0.006833	0.006835
0.004246	1	0.004184	0.004188
0.002507	1	0.004842	0.004844
0.002940	1	0.003937	0.003939
0.003246	1	0.002662	0.002665
0.002825	1	0.003237	0.003240
0.002537	1	0.003930	0.003932
0.003044	1	0.004184	0.004187
0.002808	1	0.003354	0.003356
0.003107	1	0.003411	0.003414
0.002777	1	0.003730	0.003733
0.005428	1	0.003201	0.003207
0.004332	1	0.002972	0.002977
0.003156	1	0.002972	0.002976
0.003985	1	0.004453	0.004457
0.002920	1	0.003791	0.003794
0.003098	1	0.003803	0.003807
0.003184	1	0.002744	0.002748
0.003368	1	0.003943	0.003947
0.005624	1	0.006700	0.006706
0.003470	1	0.003601	0.003604
