4.641109	4000	25.529476	25.534117
0.649167	2	0.008660	0.009309
0.602430	1	0.002831	0.003434
0.631301	1	0.005832	0.006463
0.614106	2	0.007166	0.007780
0.607060	2	0.006433	0.007040
2.356796	1994	11.607987	11.610344
2.202356	2007	12.388362	12.390565
0.625781	1	0.005891	0.006517
2.050991	1994	12.620177	12.622228
3.478918	1976	12.262664	12.266143
4.449917	4000	24.149852	24.154302
1.114520	1	0.003058	0.004173
0.729153	1	0.003274	0.004003
0.758827	2	0.010033	0.010791
0.740607	1	0.003735	0.004475
0.729380	1	0.003876	0.004606
0.724360	1	0.003363	0.004087
0.726167	1	0.004265	0.004991
0.742171	1	0.004326	0.005069
1.529566	1	0.057348	0.058878
2.476491	1967	11.734458	11.736935
0.731157	2	0.007108	0.007839
0.697049	1	0.005271	0.005968
0.703841	2	0.006747	0.007451
0.706362	2	0.060389	0.061095
0.688993	1	0.005832	0.006521
0.682234	1	0.003213	0.003895
0.681058	1	0.003012	0.003693
2.441438	1967	12.701858	12.704299
1.527144	2	0.010918	0.012445
5.934214	4000	24.401738	24.407672
1.018717	1	0.003121	0.004140
0.687080	1	0.003063	0.003750
0.688578	1	0.003059	0.003747
0.702497	2	0.006947	0.007650
2.933547	2013	11.937541	11.940474
0.727359	2	0.005642	0.006369
2.306439	1988	11.383798	11.386105
3.255425	4000	23.763182	23.766437
1.524301	1	0.004378	0.005903
0.687566	1	0.002892	0.003580
0.708773	1	0.004374	0.005083
0.701660	1	0.003417	0.004119
0.703159	1	0.002892	0.003595
0.693356	1	0.003490	0.004183
0.708619	1	0.003274	0.003982
0.701728	1	0.003121	0.003823
0.711687	1	0.003943	0.004655
0.706455	1	0.002972	0.003679
1.511202	1	0.003315	0.004826
0.652562	1	0.009338	0.009990
0.679119	1	0.003316	0.003995
0.671009	1	0.003200	0.003871
0.701140	1	0.002952	0.003653
0.688132	1	0.008182	0.008871
2.606740	2021	12.401216	12.403823
0.713769	1	0.046311	0.047025
5.719766	4000	25.343974	25.349693
2.550993	1980	12.427655	12.430206
1.515360	1	0.004096	0.005611
0.665498	1	0.003162	0.003828
0.665105	1	0.003342	0.004007
0.668075	1	0.008182	0.008851
0.679628	1	0.003818	0.004497
0.724081	1	0.003162	0.003886
0.681257	1	0.004096	0.004777
0.677031	1	0.003876	0.004554
0.675862	1	0.003406	0.004081
2.669362	1999	11.742813	11.745482
1.532452	1	0.003784	0.005317
0.671578	1	0.002892	0.003564
1.673871	994	6.366857	6.368531
0.716207	1	0.004106	0.004822
0.714625	1	0.003528	0.004242
0.714701	1	0.003791	0.004506
4.015170	4000	23.893974	23.897989
3.250909	4000	23.954514	23.957765
0.735045	1	0.004842	0.005577
0.701327	1	0.017445	0.018146
3.341002	1976	12.091660	12.095001
0.701561	1	0.003803	0.004505
0.698282	1	0.003661	0.004359
0.717725	1	0.082097	0.082815
0.705793	1	0.003289	0.003995
0.715301	1	0.003061	0.003776
0.694697	1	0.003784	0.004479
3.880591	2025	11.677409	11.681289
0.833107	1	0.003871	0.004704
0.678467	1	0.003511	0.004190
1.529432	2	0.006190	0.007720
0.659349	2	0.010989	0.011648
0.668124	2	0.009816	0.010484
0.671078	2	0.006390	0.007061
0.688344	2	0.026358	0.027047
0.700712	3	0.012544	0.013245
0.678435	1	0.004378	0.005057
0.667352	1	0.003013	0.003680
0.674138	2	0.009370	0.010045
0.670094	1	0.005662	0.006332
