0.003093	1	0.022622	0.022625
0.001774	1	0.004598	0.004600
0.002056	1	0.003342	0.003344
0.002090	1	0.003041	0.003043
0.001555	1	0.002931	0.002933
0.001737	1	0.002961	0.002963
0.001609	1	0.022622	0.022623
0.001687	1	0.003328	0.003329
0.001683	1	0.004082	0.004083
0.001790	1	0.002757	0.002759
0.002634	1	0.005662	0.005664
0.002172	1	0.002931	0.002933
0.001824	1	0.057348	0.057350
0.001498	1	0.005342	0.005343
0.001777	1	0.004477	0.004479
0.001648	1	0.002855	0.002857
0.001807	1	0.003423	0.003425
0.001563	1	0.005271	0.005272
0.001503	1	0.002642	0.002643
0.001596	1	0.003633	0.003635
0.002802	1	0.003417	0.003420
0.001691	1	0.003354	0.003355
0.001522	1	0.004363	0.004365
0.001565	1	0.006275	0.006276
0.001643	1	0.003016	0.003017
0.001546	1	0.003511	0.003513
0.001628	1	0.004096	0.004097
0.001457	1	0.003937	0.003938
0.001544	1	0.005298	0.005299
0.001710	1	0.003417	0.003419
0.002716	1	0.006063	0.006065
0.002041	1	0.003063	0.003065
0.002051	1	0.004179	0.004181
0.002016	1	0.003696	0.003698
0.001654	1	0.016468	0.016470
0.004132	1	0.003865	0.003869
0.001979	1	0.003490	0.003492
0.001657	1	0.003274	0.003276
0.001793	1	0.006700	0.006702
0.001691	1	0.004265	0.004266
0.003753	1	0.003939	0.003943
0.001659	1	0.003425	0.003426
0.002031	1	0.002831	0.002833
0.001785	1	0.003730	0.003732
0.001483	1	0.002750	0.002751
0.002137	1	0.004073	0.004075
0.002070	1	0.002972	0.002975
0.002177	1	0.005891	0.005894
0.001508	1	0.004445	0.004446
0.001970	1	0.002892	0.002894
0.003062	1	0.003633	0.003637
0.001823	1	0.004588	0.004590
0.001759	1	0.003930	0.003931
0.001623	1	0.003363	0.003365
0.002085	1	0.003758	0.003760
0.001979	1	0.003255	0.003257
0.001822	1	0.002983	0.002985
0.002051	1	0.003372	0.003374
0.001576	1	0.004179	0.004180
0.001769	1	0.002642	0.002644
0.002816	1	0.003132	0.003134
0.001857	1	0.003309	0.003311
0.002199	1	0.003712	0.003714
0.001862	1	0.003528	0.003529
0.001609	1	0.003511	0.003513
0.001475	1	0.002931	0.002933
0.001615	1	0.003230	0.003232
0.001686	1	0.002952	0.002954
0.001565	1	0.004265	0.004266
0.001536	1	0.002691	0.002692
0.002911	1	0.002983	0.002986
0.002036	1	0.003799	0.003801
0.001906	1	0.003511	0.003513
0.001930	1	0.003309	0.003311
0.001775	1	0.003784	0.003786
0.001469	1	0.004363	0.004365
0.002009	1	0.002712	0.002714
0.001555	1	0.004445	0.004446
0.001415	1	0.006700	0.006701
0.001579	1	0.004363	0.004365
0.003293	1	0.004293	0.004297
0.002014	1	0.003338	0.003340
0.001564	1	0.003601	0.003602
0.001468	1	0.046311	0.046312
0.002213	1	0.003423	0.003426
0.001576	1	0.003601	0.003602
0.001968	1	0.003276	0.003278
0.001572	1	0.004842	0.004843
0.001655	1	0.003063	0.003065
0.001461	1	0.002892	0.002894
0.002628	1	0.003342	0.003344
0.001967	1	0.006833	0.006835
0.001780	1	0.002831	0.002833
0.002005	1	0.005513	0.005515
0.001604	1	0.003410	0.003412
0.001903	1	0.002931	0.002933
0.001805	1	0.004265	0.004266
0.002190	1	0.003781	0.003783
0.001874	1	0.003159	0.003161
0.001950	1	0.002758	0.002760
