110.964253	32002	194.389146	194.500111
103.704992	32002	191.988426	192.092131
210.067748	32002	191.441314	191.651381
109.040217	32002	192.711404	192.820444
211.200223	32002	192.024609	192.235809
108.657737	32002	191.423734	191.532392
114.168148	32002	190.548277	190.662445
96.387901	32002	194.588505	194.684893
334.072596	32002	192.542985	192.877058
115.573958	32002	193.167808	193.283382
108.856481	32002	196.782585	196.891441
108.937605	32002	192.547123	192.656060
92.589530	32002	190.602197	190.694787
325.959985	32002	193.556150	193.882110
193.136423	32002	193.381312	193.574448
117.947500	32002	194.129871	194.247819
106.364430	32002	191.314966	191.421330
110.778257	32002	189.998554	190.109332
118.827851	32002	191.059160	191.177988
98.849321	32002	192.824962	192.923811
98.453371	32002	193.828637	193.927090
101.078797	32002	192.524774	192.625853
91.467304	32002	194.280693	194.372160
114.995047	32002	194.501722	194.616717
100.829156	32002	196.986736	197.087566
309.594105	32002	191.949860	192.259454
102.964690	32002	191.104577	191.207542
107.921021	32002	193.246661	193.354582
106.616085	32002	194.247273	194.353889
103.741472	32002	192.262544	192.366285
380.346966	32002	187.459474	187.839821
101.003399	32002	191.369360	191.470364
113.587948	32002	193.158076	193.271664
104.646416	32002	193.616924	193.721571
110.730670	32002	193.787442	193.898172
108.860349	32002	194.634601	194.743462
96.858813	32002	194.311002	194.407861
112.426043	32002	191.484559	191.596985
104.984672	32002	191.655520	191.760504
101.298449	32002	191.928309	192.029608
103.000259	32002	196.066131	196.169132
99.453840	32002	194.121550	194.221004
375.511638	32002	193.017753	193.393265
104.748478	32002	193.599962	193.704711
98.340454	32002	195.863517	195.961858
105.889182	32002	189.384024	189.489913
107.778195	32002	195.637459	195.745238
377.146947	32002	191.982517	192.359664
104.265340	32002	192.914712	193.018977
98.488503	32002	192.843886	192.942374
103.410939	32002	192.299432	192.402843
96.156892	32002	193.839582	193.935739
105.758504	32002	191.097524	191.203282
97.167602	32002	192.914802	193.011970
311.493808	32002	193.423883	193.735377
97.922894	32002	190.539987	190.637910
118.215904	32002	191.659882	191.778098
100.091135	32002	192.653053	192.753144
94.920588	32002	191.613575	191.708495
320.313894	32002	192.137320	192.457634
186.528110	32002	194.512296	194.698824
102.567189	32002	189.884055	189.986623
107.670912	32002	192.631965	192.739636
98.131563	32002	193.327828	193.425960
109.830136	32002	194.146041	194.255871
106.228898	32002	190.518317	190.624546
101.158318	32002	193.074031	193.175190
106.285252	32002	192.054457	192.160742
107.715747	32002	191.701174	191.808890
111.282461	32002	190.073111	190.184394
104.803480	32002	191.387974	191.492777
307.280353	32002	190.487714	190.794994
99.596920	32002	192.403517	192.503114
101.971459	32002	190.636068	190.738040
114.572630	32002	188.941457	189.056030
103.564717	32002	193.794695	193.898260
392.699293	32002	193.982748	194.375447
104.523676	32002	196.739105	196.843628
101.994300	32002	189.944567	190.046562
105.043042	32002	193.537621	193.642664
96.577618	32002	188.395661	188.492238
103.590706	32002	187.561388	187.664979
110.843816	32002	192.530105	192.640949
324.400524	32002	194.396407	194.720807
103.918069	32002	198.290586	198.394504
107.618207	32002	194.003222	194.110841
105.275447	32002	194.376015	194.481291
99.704926	32002	193.570347	193.670052
407.982704	32002	193.919358	194.327341
102.887731	32002	192.437199	192.540087
109.127739	32002	193.033214	193.142342
101.279448	32002	190.610631	190.711910
106.413246	32002	191.788572	191.894986
110.898749	32002	191.973883	192.084782
104.926062	32002	189.725671	189.830597
320.921793	32002	194.162207	194.483129
104.194315	32002	191.402573	191.506767
104.120785	32002	192.787185	192.891306
102.153266	32002	197.735698	197.837851
103.592156	32002	190.477850	190.581442
