349.992412	3997	24.023756	24.373749
214.992843	2001	11.878773	12.093766
199.212746	2003	12.239245	12.438458
221.497984	2005	12.909966	13.131464
216.351154	2007	11.953240	12.169591
205.279811	2009	12.014840	12.220120
205.222314	2011	12.146280	12.351502
201.426907	2013	12.070938	12.272365
199.177442	2015	12.538889	12.738067
202.109153	2017	12.264662	12.466771
245.407656	3997	23.823778	24.069186
207.522465	2001	11.410211	11.617733
206.524441	2003	12.054293	12.260817
213.455880	2005	11.676750	11.890206
218.238506	2007	11.301876	11.520114
223.795894	2009	12.997242	13.221037
200.180173	2011	12.270182	12.470362
205.600376	2013	13.118125	13.323726
212.629185	2015	11.545426	11.758055
218.383020	2017	12.107096	12.325479
250.189280	3997	24.720725	24.970914
198.869794	2001	12.001540	12.200410
219.988862	2003	12.075147	12.295136
228.216055	2005	11.928512	12.156728
214.633537	2007	11.684479	11.899113
194.659871	2009	11.756568	11.951228
203.412253	2011	12.562519	12.765931
208.790622	2013	13.052623	13.261413
216.947932	2015	11.824961	12.041909
222.370603	2017	12.320467	12.542838
255.409651	3997	24.060992	24.316402
214.113480	2001	11.976057	12.190171
211.506508	2003	11.554264	11.765771
213.142585	2005	11.293629	11.506771
181.117352	2007	12.115699	12.296816
186.214748	2009	11.561925	11.748139
197.063078	2011	12.148216	12.345279
203.285245	2013	11.422271	11.625556
206.638386	2015	11.876666	12.083305
213.785554	2017	12.083432	12.297218
275.672618	3997	24.995162	25.270834
221.286037	2001	13.082896	13.304182
207.413310	2003	12.258861	12.466274
191.416058	2005	11.894819	12.086235
203.917386	2007	12.008398	12.212315
205.334961	2009	12.888703	13.094038
262.437763	2011	12.876579	13.139017
269.725834	2013	11.877058	12.146784
214.040484	2015	11.911504	12.125544
197.001661	2017	12.702224	12.899226
269.084907	3997	23.749577	24.018662
206.608672	2001	11.854566	12.061175
204.912232	2003	11.924379	12.129291
204.022637	2005	11.598372	11.802395
216.157532	2007	11.241154	11.457312
220.003736	2009	11.464369	11.684373
217.447484	2011	12.128668	12.346115
229.837069	2013	12.023235	12.253072
207.698752	2015	11.687150	11.894849
215.942735	2017	12.061611	12.277554
243.124561	3997	24.364721	24.607846
193.730240	2001	12.304391	12.498121
204.301857	2003	12.186510	12.390812
199.521856	2005	11.708788	11.908310
225.307254	2007	12.221453	12.446760
224.092905	2009	11.676348	11.900440
211.494440	2011	11.845247	12.056742
201.643827	2013	12.536424	12.738068
208.993927	2015	12.511878	12.720872
211.697053	2017	11.633821	11.845518
257.718160	3997	23.389895	23.647613
202.669863	2001	11.806163	12.008833
198.017680	2003	11.535362	11.733379
202.913034	2005	12.262246	12.465159
212.153773	2007	12.696445	12.908598
196.337608	2009	11.864291	12.060628
197.287746	2011	13.537248	13.734536
212.734177	2013	11.303897	11.516631
218.952957	2015	12.800285	13.019238
227.756535	2017	13.128929	13.356686
256.244498	3997	22.898668	23.154912
208.279172	2001	12.052123	12.260402
200.624362	2003	11.800731	12.001355
213.109172	2005	11.841970	12.055079
191.980533	2007	11.163803	11.355783
193.124609	2009	12.552640	12.745765
203.984180	2011	12.049523	12.253508
205.130891	2013	13.398924	13.604055
216.374598	2015	12.094449	12.310824
213.518824	2017	11.878327	12.091846
255.657708	3997	24.209149	24.464806
211.519864	2001	11.768677	11.980197
208.246937	2003	12.110260	12.318507
184.415933	2005	11.918972	12.103388
203.878694	2007	12.049824	12.253703
207.516810	2009	11.807319	12.014835
215.598342	2011	12.234808	12.450406
214.804210	2013	11.823960	12.038764
205.629490	2015	11.700914	11.906543
190.830455	2017	12.368308	12.559139
