0.010374	1	0.004214	0.004224
0.007861	1	0.003723	0.003731
0.001800	1	0.003937	0.003938
0.003471	1	0.003829	0.003832
0.001872	1	0.005170	0.005172
0.001996	1	0.002929	0.002931
0.001996	1	0.003354	0.003356
0.001683	1	0.005682	0.005684
0.001720	1	0.003274	0.003276
0.001948	1	0.004350	0.004352
0.004988	1	0.007407	0.007412
0.002544	1	0.002713	0.002715
0.002178	1	0.004453	0.004455
0.002184	1	0.005832	0.005834
0.002261	1	0.003254	0.003257
0.002135	1	0.002739	0.002741
0.002175	1	0.003781	0.003783
0.002105	1	0.003425	0.003427
0.002105	1	0.003328	0.003330
0.002031	1	0.006700	0.006702
0.011228	1	0.005277	0.005288
0.002195	1	0.003255	0.003257
0.002169	1	0.003820	0.003822
0.001797	1	0.003162	0.003164
0.001742	1	0.004129	0.004131
0.001993	1	0.005262	0.005264
0.001823	1	0.003939	0.003941
0.001879	1	0.002855	0.002857
0.001997	1	0.017445	0.017447
0.001886	1	0.003230	0.003232
0.006104	1	0.003750	0.003756
0.002193	1	0.028880	0.028882
0.001888	1	0.003474	0.003476
0.001785	1	0.005891	0.005893
0.001729	1	0.004588	0.004590
0.001780	1	0.005277	0.005279
0.001903	1	0.003061	0.003063
0.001953	1	0.003735	0.003737
0.001774	1	0.004096	0.004098
0.001842	1	0.002642	0.002643
1.476362	1	0.002713	0.004189
0.007572	1	0.002983	0.002991
0.003652	1	0.003203	0.003207
0.003210	1	0.003758	0.003761
0.003156	1	0.003750	0.003753
0.003469	1	0.003656	0.003659
0.003095	1	0.003943	0.003946
0.003118	1	0.006700	0.006703
0.003288	1	0.002931	0.002935
0.003459	1	0.004594	0.004597
0.005546	1	0.002723	0.002728
0.001862	1	0.057348	0.057350
0.001953	1	0.003736	0.003738
0.001822	1	0.082097	0.082099
0.001882	1	0.008625	0.008627
0.001924	1	0.004073	0.004074
0.001812	1	0.004214	0.004215
0.001759	1	0.004214	0.004215
0.001730	1	0.003601	0.003602
0.001854	1	0.003633	0.003635
0.008293	1	0.002713	0.002721
0.002151	1	0.003316	0.003318
0.002030	1	0.004946	0.004949
0.001952	1	0.004363	0.004365
0.001666	1	0.004106	0.004107
0.002293	1	0.004629	0.004631
0.002483	1	0.006798	0.006800
0.001971	1	0.009338	0.009340
0.001693	1	0.002983	0.002985
0.002271	1	0.004082	0.004084
0.006841	1	0.005271	0.005277
0.002139	1	0.005513	0.005515
0.002065	1	0.003431	0.003433
0.002165	1	0.057348	0.057351
0.002016	1	0.082097	0.082099
0.001927	1	0.002972	0.002974
0.001937	1	0.002750	0.002751
0.001918	1	0.004946	0.004948
0.001959	1	0.007055	0.007057
0.001827	1	0.004265	0.004266
0.004867	1	0.003328	0.003332
0.001867	1	0.002831	0.002833
0.002077	1	0.004588	0.004590
0.001837	1	0.003013	0.003014
0.001777	1	0.003818	0.003819
0.001626	1	0.002981	0.002983
0.006653	1	0.004179	0.004186
0.001768	1	0.003989	0.003991
0.001678	1	0.002747	0.002748
0.001716	1	0.003939	0.003941
0.007380	1	0.003255	0.003262
0.002381	1	0.057348	0.057351
0.002426	1	0.003474	0.003476
0.001820	1	0.003411	0.003412
0.008786	1	0.003218	0.003226
0.001995	1	0.003445	0.003447
0.001906	1	0.002691	0.002692
0.002039	1	0.004445	0.004447
0.008570	1	0.004594	0.004602
0.002359	1	0.002952	0.002955
