121.779179	32002	192.165315	192.287094
384.578136	32002	190.621252	191.005830
116.160748	32002	194.553644	194.669805
113.053804	32002	190.676153	190.789206
126.540198	32002	192.325876	192.452416
152.216915	32002	193.138156	193.290373
119.726239	32002	192.151896	192.271622
108.268377	32002	189.472829	189.581097
321.832665	32002	194.540327	194.862160
128.409413	32002	193.192398	193.320807
116.013788	32002	196.540977	196.656990
124.188417	32002	192.597761	192.721950
114.356326	32002	195.914706	196.029062
121.794855	32002	194.030380	194.152175
107.882944	32002	188.623690	188.731573
105.296481	32002	191.016019	191.121316
123.150909	32002	193.421383	193.544534
114.499115	32002	193.719999	193.834498
120.151745	32002	192.892010	193.012162
106.592526	32002	190.757375	190.863967
121.572339	32002	193.827390	193.948963
112.136730	32002	190.209421	190.321557
113.821085	32002	193.677359	193.791180
314.916707	32002	192.028563	192.343480
111.758784	32002	192.678231	192.789990
110.899732	32002	192.006571	192.117470
126.868760	32002	188.938896	189.065765
130.356753	32002	192.751148	192.881505
108.642306	32002	192.986775	193.095418
124.658855	32002	193.312194	193.436853
387.094424	32002	195.573676	195.960770
123.681309	32002	198.740959	198.864640
124.409072	32002	195.668431	195.792840
157.142545	32002	189.008605	189.165747
120.997359	32002	188.408324	188.529322
117.713198	32002	192.809716	192.927429
96.382177	32002	193.801875	193.898257
105.737783	32002	193.493271	193.599009
107.976372	32002	193.864270	193.972246
116.438677	32002	191.768421	191.884860
127.857498	32002	194.263767	194.391625
113.974600	32002	196.333133	196.447107
113.681658	32002	192.477800	192.591481
105.241919	32002	189.976218	190.081460
111.891440	32002	193.536196	193.648087
122.673024	32002	196.388456	196.511129
113.852448	32002	190.089256	190.203109
112.034143	32002	191.698524	191.810558
116.478198	32002	191.093814	191.210293
115.286971	32002	188.628717	188.744003
111.110380	32002	193.820863	193.931974
100.099314	32002	187.693515	187.793614
349.449022	32002	193.707707	194.057156
118.561233	32002	195.220260	195.338822
115.404573	32002	194.490392	194.605797
119.139058	32002	193.269095	193.388234
125.235588	32002	191.484713	191.609948
106.541598	32002	192.963705	193.070247
116.333204	32002	196.134285	196.250618
312.396812	32002	192.787876	193.100273
124.929436	32002	194.664597	194.789527
116.333131	32002	191.256075	191.372408
124.538591	32002	195.606779	195.731318
110.005361	32002	192.836064	192.946070
129.803690	32002	191.066531	191.196334
103.097985	32002	191.183258	191.286356
109.485104	32002	195.304121	195.413606
118.406958	32002	190.909831	191.028238
114.739263	32002	190.052797	190.167536
116.742889	32002	192.407111	192.523854
115.058444	32002	194.627349	194.742408
122.125834	32002	194.226891	194.349016
109.162625	32002	193.380743	193.489905
100.346670	32002	195.845366	195.945713
116.662679	32002	196.034616	196.151279
110.001167	32002	190.359556	190.469557
123.646985	32002	194.739566	194.863213
125.252723	32002	192.216632	192.341885
117.860972	32002	192.381109	192.498970
109.620498	32002	194.162312	194.271933
99.919323	32002	191.572709	191.672629
106.753846	32002	190.162981	190.269735
103.677209	32002	193.741251	193.844929
108.743993	32002	191.704911	191.813655
118.622656	32002	194.944311	195.062934
115.239157	32002	193.293217	193.408456
107.022936	32002	190.925512	191.032535
110.721830	32002	192.570872	192.681594
115.464062	32002	189.657450	189.772914
121.588009	32002	190.335186	190.456774
126.442823	32002	194.200962	194.327405
126.096292	32002	191.972736	192.098832
152.827632	32002	192.417974	192.570802
109.204438	32002	194.308201	194.417406
103.428309	32002	195.573798	195.677226
401.637360	32002	193.697687	194.099324
113.504243	32002	192.610504	192.724008
115.171320	32002	192.395659	192.510830
113.375148	32002	192.671466	192.784841
121.520932	32002	192.742874	192.864395
