15.201888	4002	23.810789	23.825991
14.748465	4002	23.591758	23.606506
15.511845	4002	23.502808	23.518320
15.556020	4002	23.096071	23.111627
14.906458	4002	24.484844	24.499750
15.322722	4002	25.549989	25.565311
14.503861	4002	24.014728	24.029232
14.827357	4002	23.465781	23.480609
14.826243	4002	23.714278	23.729104
14.884518	4002	24.519281	24.534166
15.042636	4002	23.968129	23.983172
16.071844	4002	23.429406	23.445478
15.509950	4002	23.396775	23.412285
15.029287	4002	24.040364	24.055394
15.104625	4002	23.266582	23.281686
15.735266	4002	23.938058	23.953794
16.015739	4002	24.106965	24.122981
15.898762	4002	24.084003	24.099902
23.671264	4002	23.250866	23.274537
15.686978	4002	24.424170	24.439857
15.985686	4002	24.786083	24.802069
14.916953	4002	23.840600	23.855517
15.072057	4002	24.254780	24.269852
15.541323	4002	24.318738	24.334279
14.863557	4002	23.372717	23.387581
14.897785	4002	22.638332	22.653229
15.747705	4002	24.412971	24.428719
15.121757	4002	24.079796	24.094918
14.532293	4002	23.651440	23.665972
15.262421	4002	24.139265	24.154528
15.298762	4002	24.413187	24.428486
14.735107	4002	25.406302	25.421037
14.912900	4002	23.863518	23.878431
14.671099	4002	24.184338	24.199009
14.795989	4002	23.749198	23.763994
15.343576	4002	25.315462	25.330805
15.599261	4002	24.279693	24.295293
15.457098	4002	24.371998	24.387455
15.060042	4002	23.416228	23.431289
15.094347	4002	23.105943	23.121038
14.991445	4002	23.378104	23.393096
14.483526	4002	24.534672	24.549156
14.520190	4002	23.142550	23.157070
14.608266	4002	23.247114	23.261722
14.791776	4002	24.627456	24.642248
14.655412	4002	24.266439	24.281094
15.000367	4002	24.153767	24.168767
14.335439	4002	25.148495	25.162831
14.739431	4002	25.043701	25.058440
14.608303	4002	25.110924	25.125532
17.140416	4002	23.479004	23.496144
14.499267	4002	23.742496	23.756995
15.211523	4002	25.154801	25.170013
14.965030	4002	25.510214	25.525179
15.813950	4002	23.613192	23.629006
15.416562	4002	25.487950	25.503366
15.850190	4002	23.397766	23.413616
16.228704	4002	24.128276	24.144504
14.462753	4002	23.539686	23.554149
15.876999	4002	23.763043	23.778920
16.179299	4002	23.844508	23.860688
15.702303	4002	24.593050	24.608752
15.680979	4002	24.209338	24.225019
15.907953	4002	24.320418	24.336326
15.908080	4002	23.689138	23.705046
15.559473	4002	23.663193	23.678753
16.076937	4002	23.219067	23.235144
15.906648	4002	23.587345	23.603252
16.128295	4002	23.206011	23.222139
15.265366	4002	25.041190	25.056456
15.813348	4002	23.787875	23.803689
15.608862	4002	23.723673	23.739282
14.918844	4002	23.711292	23.726211
16.103639	4002	23.481776	23.497879
15.260269	4002	24.216643	24.231904
14.867390	4002	23.427930	23.442797
14.878003	4002	24.404731	24.419609
15.525028	4002	23.850406	23.865931
15.248887	4002	23.528951	23.544200
15.270612	4002	23.866979	23.882249
15.217293	4002	23.295721	23.310939
15.272866	4002	23.167443	23.182716
15.190122	4002	24.475271	24.490461
15.217478	4002	22.901494	22.916712
15.442070	4002	24.326565	24.342007
15.641061	4002	24.309457	24.325098
14.771022	4002	23.921592	23.936363
15.406853	4002	24.961039	24.976446
14.989352	4002	23.180613	23.195602
14.915304	4002	24.133257	24.148172
14.847541	4002	25.020359	25.035207
15.125104	4002	25.373477	25.388602
15.530120	4002	24.171707	24.187237
15.322639	4002	24.813319	24.828642
15.185014	4002	25.311757	25.326942
15.768363	4002	23.612919	23.628688
15.533377	4002	23.918842	23.934376
15.892396	4002	23.100424	23.116316
15.508256	4002	24.847004	24.862512
15.490799	4002	23.947971	23.963462
