3.554649	1	0.003979	0.007533
2.860557	1	0.003511	0.006372
2.860301	1	0.004363	0.007223
2.850943	1	0.004326	0.007177
2.873998	1	0.005262	0.008136
2.883057	1	0.004106	0.006989
2.858507	1	0.003601	0.006459
2.845876	1	0.016468	0.019314
2.901010	1	0.005682	0.008583
2.847404	1	0.003246	0.006094
3.113660	1	0.005271	0.008384
3.016639	1	0.003063	0.006080
2.983448	1	0.013419	0.016403
3.059128	1	0.002855	0.005914
2.992061	1	0.003431	0.006423
3.003792	1	0.003201	0.006205
2.997788	1	0.046311	0.049309
3.039652	1	0.007407	0.010446
2.990449	1	0.003132	0.006122
3.002271	1	0.004265	0.007267
2.985541	1	0.005342	0.008328
2.727590	1	0.004214	0.006941
2.709058	1	0.003372	0.006081
2.747814	1	0.004842	0.007590
2.636986	1	0.005391	0.008028
2.717583	1	0.020797	0.023514
2.659083	1	0.003121	0.005781
2.887830	1	0.003328	0.006215
2.629777	1	0.002944	0.005573
2.747604	1	0.003378	0.006125
2.712874	1	0.003730	0.006443
2.844720	1	0.003633	0.006478
2.943512	1	0.003058	0.006002
2.619756	1	0.003610	0.006230
2.642530	1	0.002713	0.005355
2.885785	1	0.003548	0.006433
2.866146	1	0.003280	0.006147
2.688273	1	0.003274	0.005962
2.607332	1	0.003820	0.006427
3.017590	1	0.005298	0.008315
3.480710	1	0.003363	0.006844
2.608252	1	0.003121	0.005730
2.532302	1	0.002739	0.005271
2.803106	1	0.003736	0.006540
2.521705	1	0.004378	0.006900
2.676106	1	0.002807	0.005483
2.620280	1	0.002642	0.005262
2.710806	1	0.004598	0.007309
2.601953	1	0.002758	0.005360
2.710277	1	0.082097	0.084807
2.791081	1	0.003254	0.006045
2.635331	1	0.003633	0.006269
2.672733	1	0.002929	0.005602
2.614271	1	0.002990	0.005604
2.597609	1	0.005489	0.008087
2.600782	1	0.016468	0.019069
2.586783	1	0.003354	0.005940
2.630697	1	0.006512	0.009143
2.601273	1	0.003712	0.006313
2.634542	1	0.003863	0.006497
3.222441	1	0.002855	0.006077
2.960052	1	0.008182	0.011143
2.752797	1	0.002990	0.005743
2.748022	1	0.003723	0.006471
2.726471	1	0.008625	0.011352
2.746169	1	0.003736	0.006483
2.710079	1	0.003338	0.006048
2.683175	1	0.009338	0.012021
2.736502	1	0.003656	0.006392
2.702302	1	0.006575	0.009277
3.744566	1	0.007407	0.011151
3.654687	1	0.006063	0.009717
3.626821	1	0.016468	0.020095
2.736765	1	0.002952	0.005689
2.736685	1	0.004350	0.007087
2.743163	1	0.004226	0.006969
2.738462	1	0.004226	0.006965
2.755154	1	0.003979	0.006734
2.780469	1	0.006063	0.008843
2.736229	1	0.002642	0.005378
2.970243	1	0.002981	0.005952
3.021917	1	0.003406	0.006427
2.589726	1	0.004445	0.007035
2.594733	1	0.004226	0.006821
2.580709	1	0.004912	0.007493
2.568406	1	0.002758	0.005327
2.606295	1	0.002944	0.005550
2.603845	1	0.003342	0.005946
2.589529	1	0.002972	0.005562
2.592976	1	0.003865	0.006458
13.324815	1	0.002744	0.016069
2.970921	1	0.003201	0.006172
2.958944	1	0.003633	0.006592
2.907194	1	0.005277	0.008184
2.669529	1	0.004445	0.007114
2.732452	1	0.003399	0.006132
2.666468	1	0.002713	0.005379
2.689525	1	0.003301	0.005991
2.726131	1	0.002931	0.005657
2.699315	1	0.002983	0.005682
