85.128765	32002	191.132242	191.217371
113.332781	32002	194.183418	194.296751
112.297589	32002	192.806971	192.919269
119.348957	32002	193.210878	193.330227
126.430721	32002	193.081701	193.208131
128.963533	32002	188.886323	189.015286
129.209503	32002	194.873498	195.002707
125.301249	32002	195.006234	195.131535
113.128815	32002	191.087748	191.200877
124.412765	32002	191.394553	191.518966
136.935950	32002	196.967370	197.104306
121.889512	32002	192.752345	192.874234
122.014306	32002	195.258205	195.380219
108.920200	32002	189.800002	189.908923
135.777495	32002	193.999890	194.135668
116.222519	32002	191.675280	191.791503
136.688459	32002	192.792824	192.929512
112.137508	32002	190.991308	191.103446
126.436943	32002	193.748085	193.874522
118.971793	32002	189.930720	190.049692
121.856521	32002	192.089303	192.211159
130.714657	32002	190.752384	190.883099
120.424728	32002	190.233944	190.354368
136.123347	32002	191.614900	191.751023
118.203731	32002	196.555558	196.673762
112.303111	32002	192.509962	192.622265
116.586195	32002	191.578776	191.695362
128.932917	32002	195.594800	195.723733
118.452093	32002	193.397206	193.515658
120.047992	32002	194.355882	194.475930
109.187183	32002	190.067047	190.176234
132.421208	32002	193.062911	193.195332
121.797396	32002	192.597496	192.719293
119.099060	32002	193.265936	193.385035
122.964478	32002	191.118785	191.241749
126.815689	32002	192.287078	192.413894
137.302000	32002	194.567232	194.704534
116.701384	32002	194.955287	195.071988
118.981065	32002	190.968582	191.087563
138.430338	32002	193.102229	193.240659
132.188248	32002	190.805899	190.938087
111.071303	32002	192.295524	192.406595
131.510941	32002	194.013545	194.145056
116.517391	32002	195.940401	196.056919
136.230047	32002	190.622457	190.758687
170.062712	32002	194.430062	194.600125
125.137355	32002	193.235969	193.361106
118.797586	32002	194.906899	195.025696
125.801719	32002	195.546892	195.672694
122.395618	32002	196.164333	196.286729
125.750023	32002	191.680332	191.806082
124.758729	32002	189.895299	190.020058
125.246233	32002	193.666863	193.792109
115.192391	32002	197.169409	197.284602
121.954803	32002	196.178487	196.300442
118.084717	32002	189.224452	189.342537
115.442864	32002	191.899621	192.015064
118.576306	32002	191.057131	191.175707
122.720838	32002	190.541604	190.664325
118.800877	32002	191.336540	191.455341
121.257251	32002	194.400799	194.522056
125.864004	32002	195.877468	196.003332
120.900514	32002	193.289268	193.410169
157.249424	32002	191.651140	191.808389
122.085895	32002	193.062928	193.185014
128.802267	32002	196.534006	196.662808
113.362797	32002	191.632716	191.746079
133.070117	32002	191.063227	191.196297
121.555569	32002	194.386955	194.508511
130.140111	32002	193.536505	193.666645
134.758216	32002	192.821130	192.955889
126.228140	32002	191.030203	191.156431
121.929515	32002	191.658147	191.780077
152.787127	32002	188.954420	189.107207
116.226099	32002	193.823022	193.939248
121.429349	32002	192.653121	192.774550
130.553464	32002	193.076043	193.206596
120.014357	32002	192.263616	192.383631
130.504995	32002	196.302065	196.432570
130.179505	32002	193.063645	193.193825
125.123754	32002	191.869456	191.994580
119.824748	32002	190.875107	190.994931
132.177015	32002	192.343563	192.475740
112.531143	32002	189.272238	189.384769
116.443301	32002	192.792756	192.909199
119.439594	32002	194.832992	194.952431
125.152849	32002	194.077378	194.202530
128.448375	32002	192.600628	192.729076
133.680161	32002	189.731005	189.864685
115.769451	32002	192.592501	192.708270
135.480869	32002	191.086464	191.221945
139.452054	32002	194.987048	195.126500
125.129240	32002	193.968244	194.093373
96.829792	32002	194.237317	194.334147
118.696607	32002	190.011023	190.129719
118.183946	32002	191.356127	191.474311
131.996054	32002	193.716935	193.848931
135.184926	32002	194.764107	194.899292
142.002538	32002	190.645943	190.787946
131.400344	32002	194.405678	194.537078
