7.856132	2002	11.512141	11.519997
7.777158	2002	12.235781	12.243558
8.923165	2002	12.064182	12.073105
7.860855	2002	12.478511	12.486372
55.763499	2002	12.360994	12.416757
8.021682	2002	12.071323	12.079345
9.039087	2002	13.257395	13.266434
8.192584	2002	12.097834	12.106027
8.281218	2002	11.977958	11.986239
7.880920	2002	12.512070	12.519951
8.343139	2002	12.826121	12.834464
7.753781	2002	12.422799	12.430553
8.114863	2002	11.110784	11.118899
7.901047	2002	12.314494	12.322395
8.086419	2002	12.737213	12.745299
7.517583	2002	12.371390	12.378908
8.084437	2002	12.012109	12.020193
8.303016	2002	11.791973	11.800276
7.583057	2002	11.628727	11.636310
8.168538	2002	12.367220	12.375389
7.613266	2002	11.656330	11.663943
8.900584	2002	11.389976	11.398876
8.323039	2002	11.689225	11.697548
7.698821	2002	11.131540	11.139239
8.345696	2002	11.609787	11.618133
7.739035	2002	12.410468	12.418207
8.085075	2002	11.350835	11.358920
8.076540	2002	12.064014	12.072090
7.806277	2002	12.290738	12.298544
8.160099	2002	11.540548	11.548708
7.627875	2002	11.913662	11.921290
50.741485	2002	12.533612	12.584353
8.180814	2002	12.261367	12.269548
7.990694	2002	11.917041	11.925032
8.014770	2002	11.909568	11.917583
7.664257	2002	12.265043	12.272707
8.151220	2002	12.059376	12.067528
8.259547	2002	12.078653	12.086912
8.652426	2002	11.474550	11.483202
7.627629	2002	12.224927	12.232554
7.969620	2002	12.379325	12.387295
7.639585	2002	12.079307	12.086946
8.382949	2002	12.241629	12.250012
8.233638	2002	12.158089	12.166322
8.129187	2002	11.356943	11.365072
7.352462	2002	11.347552	11.354905
8.062991	2002	11.463122	11.471185
7.059845	2002	12.196904	12.203963
8.597912	2002	11.697665	11.706262
7.542646	2002	11.527494	11.535037
8.400590	2002	12.582805	12.591206
12.849396	2002	12.660243	12.673093
7.829305	2002	12.353070	12.360899
11.782846	2002	12.315358	12.327141
8.196702	2002	11.830429	11.838626
7.660794	2002	13.058511	13.066172
8.131391	2002	12.977658	12.985790
7.835809	2002	11.479850	11.487686
55.819185	2002	12.448684	12.504503
8.034432	2002	12.252520	12.260554
7.935082	2002	11.879803	11.887738
8.339857	2002	11.902097	11.910437
7.708162	2002	11.528018	11.535726
8.123737	2002	12.229989	12.238112
7.911277	2002	11.445483	11.453394
7.941742	2002	11.219476	11.227417
8.297150	2002	12.443628	12.451925
7.922125	2002	12.917433	12.925355
7.784158	2002	12.617955	12.625739
7.716297	2002	11.821003	11.828720
8.023041	2002	11.937549	11.945572
8.282277	2002	12.474765	12.483047
7.874224	2002	12.434430	12.442305
8.381552	2002	12.389253	12.397635
7.422150	2002	11.335204	11.342626
7.925598	2002	12.826939	12.834864
22.462324	2002	12.386603	12.409065
7.888761	2002	11.755797	11.763686
7.963045	2002	11.815904	11.823867
7.917870	2002	11.436075	11.443992
8.437954	2002	12.132286	12.140724
8.133838	2002	11.749373	11.757507
8.783005	2002	11.972314	11.981097
7.681289	2002	11.977530	11.985212
7.402961	2002	12.181495	12.188898
46.838185	2002	11.521529	11.568367
8.176539	2002	12.055358	12.063535
7.748494	2002	11.944746	11.952494
8.300393	2002	11.541607	11.549907
7.459984	2002	12.285775	12.293235
7.527044	2002	12.629980	12.637508
7.667458	2002	12.775899	12.783566
8.043078	2002	12.574473	12.582516
7.642628	2002	12.187127	12.194769
7.558017	2002	12.286883	12.294441
7.772389	2002	12.181591	12.189363
7.340807	2002	12.352522	12.359863
7.628441	2002	12.013087	12.020716
8.641083	2002	11.672557	11.681198
8.595682	2002	12.579948	12.588544
