1427.573285	17001	99.389918	100.817491
1514.418913	2001	11.991909	13.506327
1486.040396	2003	12.327219	13.813259
1428.211136	2005	12.244671	13.672883
1420.136977	2007	12.539575	13.959712
1477.710540	2009	12.488873	13.966584
1470.355629	2011	13.173802	14.644158
1521.413832	2013	12.104814	13.626228
1497.595330	2015	11.673520	13.171115
1472.833390	2017	12.782967	14.255800
1533.664777	17001	100.499278	102.032943
1556.060632	2001	12.193016	13.749077
1737.461719	2003	13.414396	15.151858
1801.823457	2005	11.937845	13.739668
1811.065576	2007	12.059333	13.870398
1758.807616	2009	12.204847	13.963654
1762.599721	2011	12.207624	13.970224
1790.152506	2013	12.819074	14.609226
1783.905835	2015	12.435089	14.218994
1778.331067	2017	11.676182	13.454513
1779.301607	17001	100.489017	102.268319
1761.818047	2001	12.075615	13.837433
1824.372953	2003	11.866297	13.690670
1786.507319	2005	11.798909	13.585416
1845.242006	2007	12.245988	14.091230
1728.928866	2009	12.074781	13.803710
1675.931393	2011	11.568389	13.244321
1721.907500	2013	12.275770	13.997677
1644.965324	2015	12.316751	13.961716
1660.536749	2017	12.057145	13.717682
1457.722140	17001	104.857648	106.315370
1460.130034	2001	12.534111	13.994241
1493.138566	2003	12.619802	14.112940
1495.591751	2005	12.199336	13.694928
1459.590606	2007	11.757213	13.216804
1468.797379	2009	12.009488	13.478286
1441.394149	2011	11.524666	12.966060
1488.009989	2013	12.283284	13.771294
1449.472079	2015	12.387604	13.837076
1511.713476	2017	12.977710	14.489423
1449.922120	17001	100.473005	101.922928
1482.913914	2001	11.838204	13.321118
1576.366072	2003	11.521710	13.098076
1512.628617	2005	12.440109	13.952738
1463.747885	2007	11.694230	13.157978
1501.567711	2009	11.529537	13.031105
1447.419451	2011	12.074763	13.522183
1541.792864	2013	12.170904	13.712697
1538.086550	2015	12.056891	13.594978
1548.343433	2017	12.503916	14.052259
1566.612028	17001	102.075491	103.642103
1547.853871	2001	12.033693	13.581547
1536.008934	2003	12.195035	13.731044
1536.104623	2005	11.560381	13.096485
1605.184988	2007	12.562262	14.167447
1591.466615	2009	12.582237	14.173703
1537.419987	2011	12.322337	13.859757
1569.599426	2013	11.840705	13.410304
1566.838483	2015	12.354451	13.921290
1572.506810	2017	11.815770	13.388277
1449.312816	17001	101.587125	103.036438
1513.096296	2001	10.985344	12.498441
1524.980237	2003	11.996539	13.521520
1526.379557	2005	12.430153	13.956533
1486.388720	2007	12.524095	14.010483
1516.621392	2009	12.091418	13.608039
1530.746567	2011	13.194088	14.724834
1487.349609	2013	13.188498	14.675848
1489.816910	2015	11.662610	13.152427
1457.542998	2017	11.551471	13.009014
1463.507634	17001	103.821334	105.284841
1513.251779	2001	11.879264	13.392516
1495.320851	2003	11.611694	13.107015
1519.283514	2005	12.506934	14.026217
1498.451811	2007	12.238856	13.737308
1543.904766	2009	12.176815	13.720719
1507.910868	2011	12.048960	13.556871
1458.024718	2013	12.643495	14.101520
1466.982755	2015	11.067654	12.534637
1443.854020	2017	12.441161	13.885015
1437.166265	17001	101.859737	103.296904
1440.078436	2001	12.433114	13.873192
1407.410029	2003	11.683820	13.091230
1417.525445	2005	11.754152	13.171678
1426.421633	2007	11.681046	13.107467
1422.409503	2009	12.825094	14.247503
1443.917549	2011	12.797868	14.241786
1432.708900	2013	12.211370	13.644079
1418.008812	2015	12.317776	13.735784
1438.480299	2017	12.740175	14.178655
1467.323369	17001	102.373086	103.840410
1534.944951	2001	12.333896	13.868841
1505.044865	2003	12.062327	13.567372
1480.590876	2005	12.150580	13.631170
1513.538381	2007	11.707536	13.221075
1497.080261	2009	11.852866	13.349946
1507.933289	2011	11.918937	13.426871
1475.051260	2013	11.827962	13.303014
1487.082591	2015	12.759678	14.246761
1525.418552	2017	12.667369	14.192787
