1330.613949	9997	59.466656	60.797270
926.269531	2001	11.899726	12.825996
899.968897	2003	11.852988	12.752957
936.890236	2005	11.519390	12.456280
910.762937	2007	11.982522	12.893285
936.990560	2009	11.738053	12.675043
935.878684	2011	11.310940	12.246818
922.792350	2013	13.060385	13.983177
928.180750	2015	12.332192	13.260373
917.328490	2017	12.928026	13.845355
1392.700305	9997	61.261790	62.654490
943.025210	2001	12.309605	13.252630
929.563915	2003	12.182231	13.111795
923.477241	2005	12.335884	13.259362
959.496983	2007	11.940448	12.899945
929.233031	2009	11.981965	12.911198
954.455375	2011	11.746517	12.700972
949.931641	2013	11.273554	12.223486
916.301338	2015	12.078652	12.994954
935.117782	2017	11.583491	12.518608
1355.156497	9997	60.967704	62.322861
944.826676	2001	12.554314	13.499141
961.194599	2003	12.106744	13.067939
964.544314	2005	12.891001	13.855546
945.496124	2007	11.747728	12.693224
955.827498	2009	11.547673	12.503500
1009.532168	2011	11.941952	12.951484
963.632805	2013	12.220036	13.183668
980.374043	2015	11.964063	12.944437
960.446076	2017	11.569063	12.529510
1368.046122	9997	59.679182	61.047228
914.806247	2001	12.598667	13.513473
904.501003	2003	11.964077	12.868578
921.504289	2005	11.827309	12.748813
906.596618	2007	12.580945	13.487541
917.146897	2009	11.944847	12.861994
929.017592	2011	11.539250	12.468268
921.287355	2013	11.088209	12.009496
942.109952	2015	12.357982	13.300092
920.071042	2017	11.738650	12.658722
1363.839291	9997	58.729870	60.093710
946.587333	2001	11.966367	12.912954
935.634962	2003	12.095620	13.031255
917.089251	2005	13.616544	14.533633
946.555156	2007	11.814713	12.761268
937.331020	2009	11.881746	12.819077
921.135706	2011	12.197024	13.118160
926.404223	2013	12.568239	13.494643
932.560880	2015	12.682609	13.615170
947.963549	2017	12.178715	13.126678
1387.465598	9997	60.916829	62.304294
969.600307	2001	12.439358	13.408958
1001.966947	2003	12.252763	13.254730
984.545452	2005	12.756986	13.741532
978.460402	2007	11.846774	12.825234
974.745833	2009	11.968592	12.943338
959.687844	2011	12.718940	13.678628
950.162194	2013	12.099908	13.050070
950.090666	2015	11.318723	12.268814
918.076396	2017	12.823149	13.741225
1335.064008	9997	58.838389	60.173453
938.943692	2001	12.363718	13.302662
930.123920	2003	12.363347	13.293471
935.997569	2005	11.928512	12.864510
945.182463	2007	12.690795	13.635978
916.744110	2009	11.485280	12.402024
922.215649	2011	11.856689	12.778905
923.801146	2013	11.744428	12.668230
931.373459	2015	11.539757	12.471131
942.721571	2017	12.726283	13.669005
1352.666445	9997	61.156277	62.508944
929.124451	2001	11.456696	12.385821
950.571076	2003	12.430930	13.381501
947.568768	2005	11.843585	12.791154
971.232181	2007	11.919604	12.890836
956.972643	2009	12.210240	13.167213
962.240388	2011	12.003922	12.966162
961.554978	2013	11.415244	12.376799
945.189597	2015	11.816620	12.761810
947.281769	2017	11.315452	12.262734
1379.289664	9997	59.011747	60.391036
925.588118	2001	12.570590	13.496178
954.030985	2003	12.892472	13.846503
949.771657	2005	12.890839	13.840611
951.939638	2007	11.712485	12.664425
962.260705	2009	12.483584	13.445845
955.911947	2011	12.073406	13.029318
930.119104	2013	11.522315	12.452435
942.305954	2015	11.867981	12.810287
973.131024	2017	11.651308	12.624439
1359.326702	9997	60.818117	62.177444
930.488164	2001	12.233947	13.164435
935.176958	2003	12.699815	13.634991
922.901614	2005	12.697818	13.620720
929.657282	2007	12.633135	13.562792
937.646492	2009	12.500123	13.437769
934.644016	2011	11.637796	12.572440
916.982035	2013	11.769613	12.686595
935.600137	2015	11.522368	12.457968
927.442066	2017	12.895347	13.822789
