9.330318	12	0.126135	0.135465
6.807685	12	0.086014	0.092822
7.233840	12	0.054461	0.061695
5.464792	12	0.112007	0.117472
6.602288	12	0.044906	0.051508
5.795373	12	0.056589	0.062384
6.150561	12	0.141024	0.147175
6.279270	12	0.066038	0.072318
6.354147	12	0.060784	0.067138
16.787238	12	0.050170	0.066957
3.051271	12	0.047455	0.050506
3.221242	12	0.046489	0.049710
3.234898	12	0.039126	0.042361
3.711650	12	0.052316	0.056027
3.295021	12	0.047168	0.050463
3.358694	12	0.046686	0.050045
3.341797	12	0.052850	0.056192
3.496465	12	0.048368	0.051865
3.348447	12	0.120669	0.124017
3.398927	12	0.166649	0.170048
3.499305	12	0.087363	0.090863
3.595017	12	0.044325	0.047920
3.191019	12	0.054000	0.057191
3.147479	12	0.062963	0.066110
3.175462	12	0.101122	0.104297
3.221581	12	0.087859	0.091080
3.317669	12	0.056200	0.059517
3.367905	12	0.076321	0.079689
3.268800	12	0.142731	0.146000
2.966628	12	0.059153	0.062119
3.038460	12	0.130284	0.133322
3.131696	12	0.043609	0.046740
3.214084	12	0.045717	0.048931
3.255711	12	0.051937	0.055193
3.275495	12	0.155849	0.159125
3.780412	12	0.062382	0.066162
3.062661	12	0.048126	0.051189
3.156828	12	0.046121	0.049278
3.412048	12	0.041856	0.045268
3.589919	12	0.050176	0.053765
3.678985	12	0.049567	0.053246
16.217940	12	0.045894	0.062111
3.330082	12	0.064859	0.068189
3.144192	12	0.047330	0.050474
3.190236	12	0.048508	0.051698
3.360841	12	0.122198	0.125559
3.489649	12	0.042141	0.045631
3.434894	12	0.044800	0.048235
6.077693	12	0.043681	0.049758
3.358756	12	0.070707	0.074066
3.306241	12	0.043589	0.046895
3.354338	12	0.067677	0.071031
3.414490	12	0.045244	0.048658
3.294295	12	0.054268	0.057562
22.355899	12	0.124605	0.146961
3.011351	12	0.092880	0.095891
3.121779	12	0.059289	0.062411
3.246374	12	0.065833	0.069079
3.203472	12	0.047437	0.050640
3.209196	12	0.037864	0.041073
3.310277	12	0.072174	0.075484
3.810006	12	0.086555	0.090365
3.018092	12	0.042502	0.045520
3.192131	12	0.062227	0.065420
3.235198	12	0.070590	0.073825
3.190368	12	0.055000	0.058190
3.328807	12	0.099183	0.102512
3.560866	12	0.058560	0.062121
3.022172	12	0.050935	0.053957
3.114289	12	0.131531	0.134645
3.139169	12	0.070524	0.073663
3.184038	12	0.082178	0.085362
3.224386	12	0.065700	0.068924
3.326742	12	0.044025	0.047351
4.098194	12	0.094962	0.099061
3.104054	12	0.043451	0.046555
3.162322	12	0.143523	0.146686
3.198091	12	0.056391	0.059590
3.260997	12	0.067558	0.070819
3.268396	12	0.081543	0.084811
3.469697	12	0.173766	0.177236
3.056105	12	0.096781	0.099837
3.097846	12	0.049238	0.052336
3.160795	12	0.066809	0.069969
3.182198	12	0.055097	0.058279
3.243595	12	0.044384	0.047628
3.284790	12	0.044583	0.047868
2.955805	12	0.042882	0.045838
3.055183	12	0.096624	0.099679
3.110806	12	0.066868	0.069979
3.215760	12	0.045155	0.048371
3.247894	12	0.041352	0.044600
3.255638	12	0.050945	0.054201
3.782910	12	0.049881	0.053664
3.556389	12	0.210122	0.213678
3.151694	12	0.060470	0.063622
3.274114	12	0.109735	0.113009
3.251084	12	0.091065	0.094316
3.208427	12	0.086206	0.089415
3.344991	12	0.044691	0.048036
