207.480064	115913	691.652948	691.860428
197.208287	84734	509.665693	509.862902
238.291768	165569	991.221255	991.459547
276.484056	60459	362.248780	362.525264
172.876683	133256	799.267438	799.440315
226.585778	149354	896.441177	896.667763
247.482929	153491	922.845752	923.093235
226.943060	88904	539.793719	540.020662
199.404573	84739	504.681605	504.881010
283.153470	161437	973.649611	973.932764
160.373161	81823	492.898069	493.058442
176.440471	56840	335.839062	336.015503
178.098174	545	3.484833	3.662931
180.183273	89217	537.883178	538.063361
254.352451	330	1.793489	2.047841
201.442257	263	1.350219	1.551661
220.727026	553	3.021540	3.242267
205.599267	65177	394.947319	395.152918
217.698379	65139	394.868486	395.086184
200.434673	105331	631.264101	631.464536
225.026284	125944	754.664940	754.889966
231.428966	157115	943.183061	943.414490
317.220055	48471	289.959354	290.276574
220.228686	32277	193.607562	193.827791
255.476354	225632	1356.012902	1356.268378
230.038778	233864	1407.636612	1407.866651
313.791954	225635	1359.366479	1359.680271
255.615709	88593	536.256000	536.511616
230.204001	89	0.768968	0.999172
333.817860	237917	1430.270542	1430.604360
193.447029	91786	556.810041	557.003488
229.836270	68660	412.437348	412.667184
262.650846	125231	755.382855	755.645506
252.118333	133261	801.357829	801.609947
226.926272	92965	555.362055	555.588981
212.346907	76662	463.130364	463.342711
210.321913	4045	23.833204	24.043525
277.601567	8078	47.835453	48.113055
234.199473	153372	918.090268	918.324467
320.968641	141280	852.465723	852.786692
167.464491	116081	693.149663	693.317128
224.009344	29175	173.820115	174.044124
207.137424	230281	1383.705183	1383.912320
231.218253	101651	610.185416	610.416634
231.526302	150130	904.079862	904.311389
285.239262	53496	326.219164	326.504403
219.529815	53523	323.159866	323.379396
243.964823	8487	50.771333	51.015298
201.071734	101645	610.802278	611.003350
259.652052	182386	1097.581667	1097.841319
190.177866	87926	531.486386	531.676564
230.510740	28637	171.031799	171.262309
190.395933	85381	513.282177	513.472573
205.311730	69251	418.567612	418.772924
220.682894	44841	272.700189	272.920872
242.013804	16203	96.606051	96.848065
199.014491	177987	1068.118360	1068.317374
207.726253	149817	897.560964	897.768691
214.811387	77154	465.528701	465.743512
251.970306	20350	121.736652	121.988622
227.760966	125912	762.819763	763.047524
236.391534	24393	145.970647	146.207038
308.753110	193683	1162.101883	1162.410636
240.716199	161411	970.830303	971.071019
332.393210	177613	1072.223007	1072.555400
238.046212	57029	340.329857	340.567904
253.125370	24453	146.252810	146.505935
297.521604	32965	201.987202	202.284724
240.601863	139	0.899628	1.140230
299.388338	165440	1001.954762	1002.254150
188.584160	121969	732.361703	732.550287
268.021033	16275	98.513465	98.781486
279.430742	18412	111.930889	112.210320
264.009752	246075	1487.421637	1487.685647
286.664687	16245	98.375478	98.662143
244.457275	187	1.345721	1.590178
290.348628	246034	1475.574744	1475.865093
301.443608	52924	320.089186	320.390629
294.723073	237915	1426.532974	1426.827697
364.230756	93183	559.799697	560.163928
134.102167	93954	569.488290	569.622392
172.483505	145965	878.561375	878.733859
163.414328	589	3.690573	3.853988
211.667583	145899	880.613863	880.825531
177.355452	97537	591.470679	591.648034
204.576692	449	2.777544	2.982121
208.180659	165	0.817815	1.025996
165.476739	117737	705.012917	705.178394
237.507415	357	2.309037	2.546545
184.343915	16913	101.457066	101.641410
191.848444	117741	710.707630	710.899478
254.554398	48248	290.920779	291.175334
218.081568	193710	1165.943253	1166.161335
289.016284	128808	772.240716	772.529733
204.536448	56286	337.638322	337.842858
248.102644	72541	434.694854	434.942957
241.914605	129113	778.808107	779.050021
303.466849	128895	773.247685	773.551152
225.793241	38	0.483218	0.709011
283.779041	72577	437.781776	438.065555
