30.593242	8002	49.048820	49.079414
29.365073	8002	45.560501	45.589866
27.573638	8002	50.302796	50.330370
29.934892	8002	48.174961	48.204896
32.141713	8002	49.980261	50.012403
28.358920	8002	48.373317	48.401676
28.209968	8002	47.130765	47.158975
81.869648	8002	47.757956	47.839826
32.142841	8002	48.669192	48.701335
26.630051	8002	49.505936	49.532566
40.171104	8002	48.183494	48.223665
30.591925	8002	48.383004	48.413595
31.067962	8002	48.309497	48.340565
26.804333	8002	47.699574	47.726378
106.828196	8002	49.186635	49.293463
32.690005	8002	47.960029	47.992719
41.850575	8002	47.493778	47.535628
29.999948	8002	50.018151	50.048151
29.131248	8002	49.652655	49.681786
29.296099	8002	47.421259	47.450555
28.063121	8002	47.823253	47.851317
31.363868	8002	47.530236	47.561600
30.222165	8002	48.681840	48.712062
28.565487	8002	49.530936	49.559501
28.466613	8002	48.642773	48.671240
96.542557	8002	46.992119	47.088662
32.225513	8002	48.953928	48.986154
27.815066	8002	47.917590	47.945405
32.214518	8002	48.705237	48.737451
29.862662	8002	47.465497	47.495359
29.338604	8002	48.040605	48.069944
27.803658	8002	48.374797	48.402601
122.366343	8002	47.776188	47.898555
31.793644	8002	49.008543	49.040337
46.475242	8002	47.848984	47.895460
30.317118	8002	48.557120	48.587437
112.456677	8002	47.186589	47.299046
30.946262	8002	49.198024	49.228970
28.714284	8002	48.971951	49.000665
29.972160	8002	49.484517	49.514490
28.165525	8002	48.897934	48.926100
26.745242	8002	48.278225	48.304971
26.713208	8002	48.764841	48.791555
84.916574	8002	49.122149	49.207065
28.737254	8002	48.683722	48.712459
26.945561	8002	48.535921	48.562867
31.434576	8002	47.769106	47.800540
30.240615	8002	48.396682	48.426923
28.229539	8002	46.127906	46.156136
26.045690	8002	49.144614	49.170660
132.227865	8002	49.932982	50.065210
28.265496	8002	46.943923	46.972188
27.640213	8002	47.917539	47.945179
25.383406	8002	47.654510	47.679894
27.704809	8002	47.702268	47.729973
27.414003	8002	46.493153	46.520567
26.388698	8002	49.067140	49.093529
30.746945	8002	49.382189	49.412935
28.105969	8002	48.686324	48.714430
26.738695	8002	48.013334	48.040073
26.845639	8002	47.711833	47.738679
90.276702	8002	48.469253	48.559530
27.729859	8002	48.224932	48.252662
25.762353	8002	50.641759	50.667522
31.337050	8002	49.078017	49.109354
27.722945	8002	48.466816	48.494539
29.818393	8002	47.591238	47.621057
24.344166	8002	48.621385	48.645729
126.949683	8002	46.544866	46.671816
28.837063	8002	48.732578	48.761415
27.103452	8002	47.385102	47.412206
26.946852	8002	48.164209	48.191156
27.115480	8002	48.064707	48.091822
33.130891	8002	49.252579	49.285710
29.965712	8002	47.786750	47.816716
35.745573	8002	50.093087	50.128833
35.117335	8002	47.724546	47.759663
27.121948	8002	48.969442	48.996564
27.066178	8002	47.692778	47.719844
100.056277	8002	48.403920	48.503976
31.717872	8002	47.192169	47.223887
26.006869	8002	49.787901	49.813908
33.929108	8002	49.057528	49.091457
28.872948	8002	47.837448	47.866321
29.585014	8002	49.022127	49.051712
25.453288	8002	48.177681	48.203134
124.391318	8002	46.893206	47.017597
33.427528	8002	47.861008	47.894436
28.253188	8002	49.458693	49.486946
31.834560	8002	47.432347	47.464182
29.811158	8002	48.564209	48.594020
30.483442	8002	47.250236	47.280719
27.815713	8002	48.365032	48.392848
32.087933	8002	48.782455	48.814543
30.915502	8002	49.005333	49.036248
27.544308	8002	48.724749	48.752293
30.374637	8002	47.806763	47.837138
102.275462	8002	48.506815	48.609091
31.145466	8002	48.891855	48.923000
26.012691	8002	47.477007	47.503020
