0.003172	1	0.003284	0.003287
0.002685	1	0.003315	0.003318
0.002539	1	0.003758	0.003760
0.002343	1	0.006275	0.006277
0.002201	1	0.005513	0.005515
0.002162	1	0.003381	0.003383
0.002214	1	0.009338	0.009340
0.002381	1	0.002892	0.002895
0.002483	1	0.003411	0.003413
0.001615	1	0.003661	0.003662
0.004509	1	0.003237	0.003241
0.003436	1	0.004214	0.004217
0.003837	1	0.003699	0.003703
0.003824	1	0.007407	0.007411
0.003363	1	0.005277	0.005280
0.003699	1	0.003791	0.003795
0.003478	1	0.003012	0.003016
0.003398	1	0.003871	0.003874
0.003501	1	0.004293	0.004297
0.003394	1	0.003249	0.003252
0.003543	1	0.002662	0.002665
0.002281	1	0.003417	0.003419
0.002133	1	0.048429	0.048431
0.002106	1	0.003162	0.003164
0.001578	1	0.003121	0.003123
0.002201	1	0.002983	0.002985
0.002850	1	0.007055	0.007058
0.003299	1	0.003159	0.003162
0.003265	1	0.007407	0.007410
0.004077	1	0.003735	0.003739
0.003565	1	0.003013	0.003016
0.002709	1	0.003328	0.003330
0.002257	1	0.004350	0.004353
0.001594	1	0.006575	0.006576
0.001646	1	0.003803	0.003805
0.001970	1	0.002944	0.002946
0.002653	1	0.004374	0.004377
0.002069	1	0.005513	0.005515
0.002051	1	0.002855	0.002857
0.001893	1	0.003411	0.003413
0.003978	1	0.004326	0.004330
0.002448	1	0.017445	0.017448
0.002317	1	0.003237	0.003239
0.002539	1	0.016497	0.016500
0.001917	1	0.004226	0.004228
0.002307	1	0.005378	0.005380
0.001505	1	0.003063	0.003065
0.002376	1	0.004588	0.004590
0.002201	1	0.004326	0.004329
0.002072	1	0.004214	0.004216
0.003591	1	0.002952	0.002956
0.002165	1	0.003274	0.003276
0.002488	1	0.006833	0.006836
0.001527	1	0.002712	0.002713
0.002122	1	0.004501	0.004503
0.002413	1	0.004598	0.004601
0.002255	1	0.003338	0.003340
0.002292	1	0.005513	0.005515
0.002229	1	0.004594	0.004596
0.001625	1	0.003417	0.003419
0.002913	1	0.003058	0.003061
0.002193	1	0.003284	0.003286
0.001982	1	0.003820	0.003822
0.002063	1	0.003989	0.003992
0.001945	1	0.003930	0.003932
0.001489	1	0.005117	0.005118
0.002215	1	0.002662	0.002664
0.002220	1	0.003730	0.003732
0.002475	1	0.002929	0.002932
0.002371	1	0.002972	0.002975
0.003625	1	0.003656	0.003659
0.001919	1	0.003132	0.003134
0.002326	1	0.003309	0.003312
0.002404	1	0.003410	0.003412
0.002129	1	0.004106	0.004108
0.002529	1	0.002981	0.002984
0.002043	1	0.003363	0.003365
0.001601	1	0.003431	0.003432
0.002195	1	0.003276	0.003279
0.002505	1	0.002758	0.002761
0.003410	1	0.057348	0.057352
0.002454	1	0.003338	0.003340
0.002139	1	0.003381	0.003383
0.001949	1	0.003245	0.003247
0.002646	1	0.003796	0.003799
0.002075	1	0.002691	0.002693
0.001692	1	0.003863	0.003864
0.002506	1	0.003245	0.003248
0.002153	1	0.003227	0.003229
0.002112	1	0.004588	0.004590
0.003796	1	0.003425	0.003428
0.002488	1	0.003820	0.003822
0.002457	1	0.003301	0.003303
0.002507	1	0.003154	0.003156
0.002531	1	0.003781	0.003784
0.002267	1	0.003610	0.003612
0.002057	1	0.003417	0.003419
0.002217	1	0.002757	0.002759
0.002201	1	0.002972	0.002975
0.002183	1	0.003699	0.003701
