19.013942	1	0.003284	0.022298
1.684053	1	0.003315	0.004999
1.718688	1	0.003758	0.005477
1.656831	1	0.006275	0.007932
1.670429	1	0.005513	0.007183
1.715282	1	0.003381	0.005096
1.711616	1	0.009338	0.011049
1.683025	1	0.002892	0.004575
1.607356	1	0.003411	0.005018
0.963494	1	0.003661	0.004624
1.673527	1	0.003237	0.004910
1.231101	1	0.004214	0.005445
1.148476	1	0.003699	0.004847
1.045644	1	0.007407	0.008452
1.001292	1	0.005277	0.006278
1.163617	1	0.003791	0.004955
0.983218	1	0.003012	0.003996
0.984809	1	0.003871	0.004856
1.033396	1	0.004293	0.005327
0.996453	1	0.003249	0.004245
1.904984	1	0.002662	0.004567
1.113412	1	0.003417	0.004530
20.018173	1	0.048429	0.068447
1.631678	1	0.003162	0.004794
1.336573	1	0.003121	0.004458
1.486572	1	0.002983	0.004470
1.432489	1	0.007055	0.008488
1.443686	1	0.003159	0.004603
1.406440	1	0.007407	0.008813
1.402371	1	0.003735	0.005137
1.685177	1	0.003013	0.004698
1.125696	1	0.003328	0.004453
1.130299	1	0.004350	0.005481
1.073867	1	0.006575	0.007648
1.065143	1	0.003803	0.004869
1.044804	1	0.002944	0.003988
1.080119	1	0.004374	0.005454
1.154760	1	0.005513	0.006668
1.019733	1	0.002855	0.003875
1.001002	1	0.003411	0.004412
1.659832	1	0.004326	0.005986
1.024869	1	0.017445	0.018470
1.100685	1	0.003237	0.004337
1.041821	1	0.016497	0.017539
14.716694	1	0.004226	0.018943
1.108371	1	0.005378	0.006486
1.064942	1	0.003063	0.004128
1.051615	1	0.004588	0.005640
1.377541	1	0.004326	0.005704
1.661444	1	0.004214	0.005875
1.638793	1	0.002952	0.004591
1.059653	1	0.003274	0.004334
1.069776	1	0.006833	0.007903
1.083323	1	0.002712	0.003795
1.044892	1	0.004501	0.005546
1.038741	1	0.004598	0.005637
1.016231	1	0.003338	0.004354
1.002628	1	0.005513	0.006515
0.991960	1	0.004594	0.005586
1.000321	1	0.003417	0.004417
1.795122	1	0.003058	0.004854
1.107067	1	0.003284	0.004391
1.149199	1	0.003820	0.004969
1.104311	1	0.003989	0.005094
1.004707	1	0.003930	0.004934
14.249039	1	0.005117	0.019366
1.695627	1	0.002662	0.004357
1.088381	1	0.003730	0.004818
1.734862	1	0.002929	0.004664
1.694084	1	0.002972	0.004667
1.796659	1	0.003656	0.005452
1.197147	1	0.003132	0.004329
1.205127	1	0.003309	0.004514
1.124498	1	0.003410	0.004535
1.165858	1	0.004106	0.005271
1.093098	1	0.002981	0.004075
1.060409	1	0.003363	0.004423
1.081376	1	0.003431	0.004512
1.107570	1	0.003276	0.004384
1.041350	1	0.002758	0.003800
1.708333	1	0.057348	0.059057
1.063346	1	0.003338	0.004401
1.065917	1	0.003381	0.004447
1.061667	1	0.003245	0.004307
1.032556	1	0.003796	0.004829
0.988495	1	0.002691	0.003679
18.844081	1	0.003863	0.022707
1.073825	1	0.003245	0.004319
1.208532	1	0.003227	0.004436
1.292498	1	0.004588	0.005880
1.691074	1	0.003425	0.005116
1.065027	1	0.003820	0.004885
1.154100	1	0.003301	0.004455
1.123651	1	0.003154	0.004277
1.075940	1	0.003781	0.004857
1.040007	1	0.003610	0.004650
1.001369	1	0.003417	0.004418
1.007014	1	0.002757	0.003764
1.032035	1	0.002972	0.004004
1.009332	1	0.003699	0.004708
