108.163912	58997	355.533535	355.641699
69.885734	42718	255.993656	256.063542
100.417524	83645	502.287160	502.387577
98.826508	30489	184.131542	184.230369
71.855632	67332	401.041083	401.112939
102.127811	75430	454.345088	454.447216
95.830706	77544	472.993052	473.088883
74.672444	44911	274.912925	274.987598
105.169172	42723	255.385341	255.490510
98.956656	81536	485.486401	485.585358
63.457789	41877	254.532441	254.595898
97.041397	28840	175.956248	176.053289
95.868046	545	3.542432	3.638300
68.533349	45383	269.682706	269.751240
98.075917	330	2.165754	2.263830
71.765522	263	1.538659	1.610424
86.845784	553	3.406265	3.493111
94.450173	33177	203.459067	203.553517
72.885943	33139	203.059577	203.132463
102.909814	53497	318.991589	319.094499
96.655101	63981	388.801652	388.898308
76.882864	79149	473.395621	473.472504
131.061969	24464	144.681244	144.812306
80.690130	16273	95.099845	95.180535
107.266434	113624	683.535019	683.642285
147.761192	117936	711.473916	711.621678
86.972747	113627	688.670815	688.757788
114.639158	44665	269.130288	269.244927
111.293430	87	0.473058	0.584351
83.036087	119949	723.870421	723.953457
98.241815	46860	282.708716	282.806958
113.821168	34630	206.843614	206.957435
78.644504	63273	379.282359	379.361004
97.736411	67339	408.795832	408.893568
102.941550	46935	285.396255	285.499196
102.040481	38632	236.707399	236.809440
82.470177	2027	12.651016	12.733486
111.317829	4042	23.698228	23.809546
107.365472	77468	466.192112	466.299477
85.574699	71286	429.573780	429.659355
91.434905	58964	352.905828	352.997262
69.993108	14861	87.906624	87.976617
90.701113	116047	701.027936	701.118637
96.427595	51433	309.448761	309.545189
70.961274	75689	450.107322	450.178283
97.706714	27281	164.485739	164.583446
73.246240	27303	163.505477	163.578723
92.168793	4369	25.648251	25.740420
99.515785	51421	310.762237	310.861753
74.806383	91937	559.420073	559.494880
90.843210	45048	272.262922	272.353765
69.801525	14647	86.717143	86.786944
115.066616	43569	262.529605	262.644672
97.222966	35439	213.547545	213.644768
73.722719	22851	136.693820	136.767543
88.446134	8203	50.217646	50.306092
74.705436	90261	543.233018	543.307724
90.056511	76003	458.723884	458.813940
98.323580	39342	241.123653	241.221977
77.104650	10320	61.833043	61.910148
99.103285	63913	387.753624	387.852728
104.240170	12391	71.354118	71.458359
81.437917	97683	589.805921	589.887359
102.574452	81411	488.930446	489.033020
112.187622	89613	546.886436	546.998624
126.708751	29027	174.230243	174.356951
80.201891	12451	73.902252	73.982454
102.821815	16961	102.565607	102.668428
112.227992	139	0.794358	0.906586
84.277570	83439	499.881863	499.966141
99.536116	62016	373.149520	373.249056
107.167436	8275	51.546007	51.653174
79.835590	9368	58.051938	58.131774
105.064823	124081	747.468875	747.573940
99.398758	8245	51.216170	51.315569
129.466576	187	0.982536	1.112002
90.490284	123952	743.170351	743.260841
120.060594	26844	160.565594	160.685654
129.519097	119833	719.971029	720.100548
130.986008	46927	283.449741	283.580727
81.017237	47915	287.037869	287.118887
56.899565	73963	443.062640	443.119540
80.566368	589	3.499419	3.579985
60.014740	73897	442.216087	442.276101
84.588156	49535	297.169155	297.253743
58.544561	449	2.945657	3.004201
86.058613	165	1.126091	1.212149
61.633157	59773	362.648754	362.710388
77.905609	357	2.099822	2.177727
63.079708	8911	55.310491	55.373571
103.243099	59884	356.428539	356.531782
107.770338	24248	148.093374	148.201144
74.668858	97900	588.770477	588.845146
101.636265	65000	388.687356	388.788993
96.085550	28382	170.908993	171.005079
75.848180	36637	219.506680	219.582528
104.812073	65305	394.663165	394.767977
101.031093	65087	389.234993	389.336024
77.929140	38	0.176415	0.254344
101.990540	36673	220.451434	220.553424
