0.031460	1	0.003730	0.003761
0.021446	1	0.004363	0.004385
0.006900	1	0.005391	0.005398
0.005915	1	0.004374	0.004380
0.006640	1	0.003309	0.003316
0.006190	1	0.005271	0.005277
0.006832	1	0.003159	0.003166
0.006338	1	0.003159	0.003165
0.006858	1	0.003315	0.003322
0.008364	1	0.003735	0.003743
0.004426	1	0.003132	0.003136
0.003514	1	0.006275	0.006278
0.003459	1	0.003818	0.003821
0.003464	1	0.004363	0.004367
0.003508	1	0.002931	0.002935
0.003510	1	0.003989	0.003993
0.003394	1	0.002691	0.002694
0.003205	1	0.008625	0.008628
0.003620	1	0.002929	0.002933
0.003582	1	0.002892	0.002896
0.003755	1	0.003474	0.003478
0.003022	1	0.003796	0.003799
0.002904	1	0.006275	0.006278
0.003475	1	0.003061	0.003065
0.003526	1	0.003863	0.003866
0.003344	1	0.020797	0.020800
0.002909	1	0.005662	0.005665
0.002988	1	0.003735	0.003738
0.003522	1	0.003227	0.003230
0.002978	1	0.003661	0.003664
0.003528	1	0.003227	0.003230
0.003458	1	0.006512	0.006516
0.003272	1	0.007407	0.007410
0.003412	1	0.005298	0.005301
0.003510	1	0.003274	0.003277
0.002752	1	0.003736	0.003739
0.003445	1	0.002990	0.002993
0.002806	1	0.003419	0.003421
0.002915	1	0.003338	0.003341
0.002874	1	0.005682	0.005685
0.004351	1	0.004096	0.004100
0.003559	1	0.003758	0.003761
0.004351	1	0.003041	0.003045
0.003655	1	0.007407	0.007410
0.003364	1	0.003381	0.003384
0.003489	1	0.006512	0.006516
0.003510	1	0.003419	0.003422
0.003125	1	0.004184	0.004187
0.003138	1	0.003791	0.003794
0.003398	1	0.005662	0.005665
0.003602	1	0.003781	0.003785
0.003248	1	0.004073	0.004076
0.003225	1	0.002855	0.002858
0.002889	1	0.002744	0.002747
0.002878	1	0.003425	0.003427
0.003128	1	0.003712	0.003715
0.002916	1	0.006512	0.006515
0.002867	1	0.003154	0.003157
0.003260	1	0.004453	0.004456
0.002899	1	0.002983	0.002986
0.004444	1	0.003132	0.003136
0.003155	1	0.005662	0.005665
0.003713	1	0.003876	0.003880
0.003980	1	0.003474	0.003478
0.003412	1	0.003736	0.003740
0.003160	1	0.006063	0.006066
0.003743	1	0.004594	0.004598
0.003924	1	0.004179	0.004183
0.003952	1	0.002972	0.002976
0.003925	1	0.005682	0.005686
0.004232	1	0.046311	0.046315
0.003287	1	0.003696	0.003699
0.003291	1	0.003818	0.003821
0.003214	1	0.016468	0.016472
0.003283	1	0.005262	0.005266
0.003024	1	0.002642	0.002645
0.002886	1	0.002642	0.002644
0.003326	1	0.004946	0.004950
0.003299	1	0.004598	0.004602
0.003488	1	0.002952	0.002956
0.002993	1	0.048429	0.048432
0.002748	1	0.004073	0.004075
0.002773	1	0.003013	0.003015
0.002654	1	0.003132	0.003134
0.002613	1	0.003301	0.003304
0.002699	1	0.005298	0.005301
0.002667	1	0.003301	0.003304
0.002648	1	0.004946	0.004949
0.002503	1	0.004407	0.004409
0.002463	1	0.002750	0.002752
0.002927	1	0.003699	0.003702
0.002687	1	0.004214	0.004216
0.002453	1	0.082097	0.082099
0.002588	1	0.003943	0.003946
0.002640	1	0.004912	0.004915
0.002711	1	0.007055	0.007058
0.002601	1	0.005682	0.005685
0.002649	1	0.003406	0.003408
0.002689	1	0.003633	0.003636
0.002378	1	0.003255	0.003257
