3.729791	2000	12.961626	12.965356
0.029396	2	0.021574	0.021604
0.012747	1	0.008182	0.008195
0.011380	1	0.003041	0.003052
0.013072	2	0.005898	0.005911
0.011871	1	0.004629	0.004641
1.208159	993	5.836357	5.837565
1.408975	1008	6.476151	6.477560
0.020468	1	0.002929	0.002950
1.398256	993	5.125489	5.126887
1.840682	986	5.988648	5.990488
3.116473	2000	12.828237	12.831354
0.032209	1	0.003865	0.003897
0.011600	1	0.003939	0.003951
0.011369	1	0.004106	0.004117
0.010887	1	0.003528	0.003539
0.012121	1	0.005513	0.005525
0.010696	1	0.002981	0.002992
0.011135	1	0.002831	0.002842
0.011605	1	0.003474	0.003486
0.015040	1	0.028880	0.028895
2.035666	1002	6.538881	6.540917
0.020446	1	0.003063	0.003084
0.010984	1	0.003865	0.003876
0.010889	1	0.004080	0.004091
0.011288	1	0.003876	0.003888
0.010939	1	0.008182	0.008193
0.011515	1	0.004629	0.004640
0.011188	1	0.003799	0.003810
1.208438	1002	6.166873	6.168082
0.015865	2	0.025514	0.025530
3.945254	2000	12.598158	12.602103
0.032372	1	0.003937	0.003969
0.012695	1	0.003012	0.003025
0.010959	1	0.003254	0.003265
0.012842	2	0.010002	0.010015
1.174385	963	5.627983	5.629157
0.017898	2	0.007336	0.007354
1.444928	1038	5.676990	5.678435
2.499662	2000	12.352652	12.355152
0.015066	1	0.003200	0.003215
0.016147	1	0.003699	0.003715
0.013744	1	0.028880	0.028893
0.013109	1	0.003230	0.003243
0.011274	1	0.003381	0.003392
0.008942	1	0.005391	0.005400
0.010969	1	0.002886	0.002897
0.012144	1	0.002758	0.002771
0.012935	1	0.007055	0.007068
0.012737	1	0.002931	0.002944
0.014220	1	0.002723	0.002737
0.010012	1	0.003063	0.003073
0.011824	1	0.005342	0.005354
0.011427	1	0.003200	0.003211
0.011533	1	0.004350	0.004362
0.011808	1	0.048429	0.048441
2.355261	1034	6.529184	6.531539
0.021223	1	0.003425	0.003446
4.598622	2000	11.462214	11.466812
1.246506	967	5.742615	5.743862
0.014574	1	0.003289	0.003304
0.012543	1	0.004594	0.004606
0.011337	1	0.003311	0.003322
0.011165	1	0.003818	0.003829
0.010461	1	0.005271	0.005281
0.012234	1	0.005682	0.005694
0.010569	1	0.005170	0.005180
0.008431	1	0.003399	0.003408
0.011102	1	0.003979	0.003990
2.157714	1010	5.774069	5.776226
0.014480	1	0.002723	0.002737
0.012457	1	0.004082	0.004094
0.986096	498	3.294111	3.295097
0.017967	1	0.005170	0.005188
0.009214	1	0.003791	0.003800
0.011688	1	0.006512	0.006524
3.615904	2000	12.647676	12.651292
2.813233	2000	11.783692	11.786506
0.031543	1	0.003203	0.003234
0.014349	1	0.002750	0.002764
2.241554	1002	5.764678	5.766920
0.021630	1	0.002691	0.002712
0.011470	1	0.082097	0.082108
0.011375	1	0.005262	0.005274
0.010912	1	0.003784	0.003795
0.010723	1	0.003289	0.003300
0.011200	1	0.002723	0.002734
3.192665	999	5.973656	5.976849
0.021553	1	0.002952	0.002974
0.012531	1	0.003132	0.003144
0.013352	1	0.002892	0.002906
0.016742	1	0.002972	0.002989
0.012066	1	0.004350	0.004363
0.011869	1	0.020797	0.020808
0.011960	1	0.003712	0.003724
0.013164	1	0.003381	0.003394
0.011459	1	0.004374	0.004386
0.011809	1	0.003058	0.003070
0.010441	1	0.003115	0.003125
0.010817	1	0.028880	0.028891
