7.395174	4000	24.465010	24.472405
0.048407	2	0.024169	0.024217
0.014043	1	0.003255	0.003269
0.012739	1	0.003410	0.003423
0.022216	2	0.008750	0.008772
0.014500	2	0.006218	0.006232
2.856696	1994	11.759353	11.762210
3.501796	2007	12.243060	12.246561
0.035573	1	0.003311	0.003346
3.415693	1994	12.228579	12.231995
3.604362	1976	11.302052	11.305657
6.643580	4000	24.980197	24.986841
0.052213	1	0.003245	0.003298
0.013553	1	0.003255	0.003268
0.085564	2	0.006423	0.006509
0.017149	1	0.004096	0.004113
0.013745	1	0.003280	0.003294
0.012325	1	0.002662	0.002674
0.012017	1	0.003132	0.003144
0.012736	1	0.004350	0.004363
0.016739	1	0.003863	0.003879
3.475328	1967	12.324605	12.328080
0.029574	2	0.051675	0.051705
0.017321	1	0.003411	0.003428
0.012919	2	0.008091	0.008103
0.012329	2	0.006172	0.006184
0.010959	1	0.004842	0.004853
0.012346	1	0.004501	0.004514
0.018723	1	0.003338	0.003356
2.549466	1967	11.884342	11.886891
0.016227	2	0.006695	0.006711
11.029884	4000	23.739937	23.750967
0.049230	1	0.003301	0.003350
0.015709	1	0.002678	0.002694
0.013554	1	0.002972	0.002986
0.017243	2	0.008011	0.008028
4.376599	2013	12.012873	12.017250
0.034297	2	0.006367	0.006401
3.893634	1988	11.406776	11.410669
7.171278	4000	24.009540	24.016712
0.014670	1	0.003699	0.003714
0.016388	1	0.003218	0.003234
0.011818	1	0.003829	0.003841
0.012619	1	0.002678	0.002691
0.012392	1	0.003354	0.003366
0.009021	1	0.002929	0.002938
0.014869	1	0.004129	0.004144
0.011177	1	0.003829	0.003840
0.012101	1	0.003818	0.003830
0.011355	1	0.002744	0.002756
0.014658	1	0.003237	0.003251
0.009135	1	0.003730	0.003739
0.011381	1	0.002678	0.002690
0.011027	1	0.003633	0.003645
0.015732	1	0.003943	0.003959
0.010833	1	0.005277	0.005288
3.918590	2021	12.980216	12.984135
0.026832	1	0.002678	0.002705
10.264298	4000	23.805333	23.815597
3.774768	1980	12.364762	12.368537
0.013444	1	0.002972	0.002986
0.011318	1	0.004374	0.004385
0.010594	1	0.005271	0.005281
0.012033	1	0.003528	0.003540
0.010039	1	0.006512	0.006522
0.011278	1	0.003162	0.003174
0.010374	1	0.004265	0.004275
0.008781	1	0.003274	0.003283
0.010473	1	0.005391	0.005402
3.808370	1999	12.697419	12.701228
0.014167	1	0.002678	0.002692
0.011768	1	0.003399	0.003411
1.834388	994	5.940985	5.942820
0.022180	1	0.002952	0.002974
0.008813	1	0.004378	0.004387
0.010585	1	0.004074	0.004085
6.790816	4000	24.138542	24.145333
6.893428	4000	23.711193	23.718087
0.043379	1	0.002929	0.002972
0.013647	1	0.003930	0.003943
3.380334	1976	11.879660	11.883040
0.028481	1	0.003237	0.003265
0.011650	1	0.004350	0.004362
0.011630	1	0.004214	0.004225
0.011147	1	0.003121	0.003133
0.011349	1	0.003328	0.003339
0.011652	1	0.003237	0.003248
4.277259	2025	11.978200	11.982477
0.033567	1	0.046311	0.046344
0.014673	1	0.005513	0.005528
0.015549	2	0.007404	0.007420
0.018358	2	0.053011	0.053029
0.013327	2	0.006105	0.006118
0.011906	2	0.008330	0.008342
0.012340	2	0.007735	0.007747
0.015319	3	0.009813	0.009828
0.013066	1	0.005378	0.005391
0.011244	1	0.003417	0.003428
0.012003	2	0.006784	0.006796
0.013096	1	0.009338	0.009351
