0.003831	1	0.003979	0.003983
0.002319	1	0.003511	0.003514
0.002364	1	0.004363	0.004366
0.002090	1	0.004326	0.004328
0.002420	1	0.005262	0.005265
0.002234	1	0.004106	0.004108
0.002373	1	0.003601	0.003603
0.001514	1	0.016468	0.016470
0.002218	1	0.005682	0.005684
0.002383	1	0.003246	0.003249
0.003029	1	0.005271	0.005274
0.002575	1	0.003063	0.003066
0.001716	1	0.013419	0.013421
0.002886	1	0.002855	0.002858
0.002299	1	0.003431	0.003433
0.002180	1	0.003201	0.003203
0.002493	1	0.046311	0.046313
0.002013	1	0.007407	0.007409
0.002190	1	0.003132	0.003134
0.002599	1	0.004265	0.004267
0.003304	1	0.005342	0.005345
0.002192	1	0.004214	0.004216
0.002181	1	0.003372	0.003374
0.002158	1	0.004842	0.004844
0.001629	1	0.005391	0.005393
0.002401	1	0.020797	0.020799
0.002084	1	0.003121	0.003124
0.002091	1	0.003328	0.003330
0.001951	1	0.002944	0.002946
0.002171	1	0.003378	0.003380
0.003247	1	0.003730	0.003733
0.002478	1	0.003633	0.003636
0.002273	1	0.003058	0.003061
0.002169	1	0.003610	0.003612
0.002296	1	0.002713	0.002715
0.002529	1	0.003548	0.003550
0.002201	1	0.003280	0.003283
0.002248	1	0.003274	0.003276
0.002147	1	0.003820	0.003822
0.002191	1	0.005298	0.005300
0.002491	1	0.003363	0.003365
0.002220	1	0.003121	0.003124
0.002170	1	0.002739	0.002741
0.001590	1	0.003736	0.003738
0.001486	1	0.004378	0.004380
0.002185	1	0.002807	0.002809
0.001766	1	0.002642	0.002644
0.002229	1	0.004598	0.004601
0.002013	1	0.002758	0.002760
0.002169	1	0.082097	0.082099
0.003228	1	0.003254	0.003257
0.002481	1	0.003633	0.003636
0.002256	1	0.002929	0.002931
0.002241	1	0.002990	0.002992
0.001983	1	0.005489	0.005491
0.002035	1	0.016468	0.016470
0.001674	1	0.003354	0.003355
0.002206	1	0.006512	0.006514
0.002605	1	0.003712	0.003714
0.002039	1	0.003863	0.003865
0.003786	1	0.002855	0.002859
0.002963	1	0.008182	0.008185
0.002581	1	0.002990	0.002992
0.002519	1	0.003723	0.003726
0.002853	1	0.008625	0.008628
0.002875	1	0.003736	0.003739
0.002861	1	0.003338	0.003340
0.002970	1	0.009338	0.009341
0.002693	1	0.003656	0.003658
0.002149	1	0.006575	0.006577
0.003116	1	0.007407	0.007410
0.002179	1	0.006063	0.006065
0.002777	1	0.016468	0.016471
0.002743	1	0.002952	0.002955
0.002106	1	0.004350	0.004353
0.002616	1	0.004226	0.004229
0.002958	1	0.004226	0.004229
0.002743	1	0.003979	0.003982
0.002163	1	0.006063	0.006065
0.002351	1	0.002642	0.002645
0.003523	1	0.002981	0.002985
0.002361	1	0.003406	0.003408
0.002678	1	0.004445	0.004447
0.002166	1	0.004226	0.004228
0.002017	1	0.004912	0.004914
0.002308	1	0.002758	0.002761
0.002572	1	0.002944	0.002946
0.002638	1	0.003342	0.003344
0.002106	1	0.002972	0.002975
0.002307	1	0.003865	0.003867
0.003373	1	0.002744	0.002748
0.002321	1	0.003201	0.003204
0.002196	1	0.003633	0.003636
0.002000	1	0.005277	0.005279
0.001824	1	0.004445	0.004447
0.002355	1	0.003399	0.003402
0.002948	1	0.002713	0.002716
0.001894	1	0.003301	0.003303
0.002093	1	0.002931	0.002933
0.001896	1	0.002983	0.002985
