198.951549	90023	533.491783	533.690735	533.691035	18.203851549
218.474347	97256	583.113356	583.331830	583.33213	19.669974347
193.484106	97071	581.812721	582.006205	582.006505	19.607984106
222.073097	97187	593.550622	593.772695	593.772995	19.659773097
186.382678	72950	442.913541	443.099923	443.100223	14.776682678
193.345917	8132	50.029608	50.222954	50.223254	1.820045917
214.317500	117451	705.232461	705.446778	705.447078	23.7048175
197.413037	125496	761.155358	761.352771	761.353071	25.296913037
236.483710	8083	48.671268	48.907752	48.908052	1.85338371
213.206642	101115	611.738156	611.951363	611.951663	20.436506642
207.480558	122024	739.212428	739.419908	739.420208	24.612580558
315.655417	169472	1021.637447	1021.953102	1021.953402	34.210355417
245.231654	88907	533.351656	533.596888	533.597188	18.026931654
256.953702	129089	774.123968	774.380922	774.381222	26.075053702
326.683538	24148	145.730027	146.056710	146.05701	5.156583538
256.127321	241999	1453.830203	1454.086330	1454.08663	48.656227321
255.924977	112979	681.939418	682.195343	682.195643	22.852024977
301.772976	193593	1165.955379	1166.257152	1166.257452	39.020672976
256.504932	241941	1455.462880	1455.719385	1455.719685	48.645004932
267.096980	24107	144.903837	145.170934	145.171234	5.08879698
199.269415	89957	543.274427	543.473696	543.473996	18.190969415
229.343708	84541	506.376397	506.605741	506.606041	17.137843708
213.107701	105333	628.355756	628.568864	628.569164	21.280007701
206.620425	40365	242.630244	242.836865	242.837165	8.279920425
219.181173	105058	628.579731	628.798913	628.799213	21.231081173
233.868604	40288	246.187676	246.421545	246.421845	8.291768604
215.650250	105427	636.197389	636.413040	636.41334	21.30135025
214.205718	88687	532.378247	532.592453	532.592753	17.951905718
262.128018	185973	1123.508219	1123.770348	1123.770648	37.457028018
231.455233	189905	1148.944577	1149.176032	1149.176332	38.212755233
187.242434	71884	435.580341	435.767584	435.767884	14.564342434
207.841311	28220	168.341838	168.549679	168.549979	5.852141311
222.618191	92939	560.091748	560.314366	560.314666	18.810718191
207.199401	125215	752.429414	752.636614	752.636914	25.250499401
204.913882	149251	901.063856	901.268770	901.26907	30.055413882
246.395445	157646	950.103568	950.349963	950.350263	31.775895445
218.767237	48419	293.192962	293.411729	293.412029	9.902867237
223.059707	101162	603.850776	604.073836	604.074136	20.455759707
251.024047	121230	731.771528	732.022552	732.022852	24.497324047
222.964242	84586	511.842310	512.065275	512.065575	17.140464242
154.196888	54205	331.762311	331.916507	331.916807	10.995496888
151.319908	82115	491.449652	491.600972	491.601272	16.574619908
152.937415	8307	49.265889	49.418826	49.419126	1.814637415
156.490370	73735	446.447323	446.603813	446.604113	14.90379037
155.930755	16484	99.604326	99.760257	99.760557	3.453030755
168.310930	106556	640.099087	640.267398	640.267698	21.47981093
161.505749	82321	499.213443	499.374949	499.375249	16.626005749
171.130365	73591	434.340985	434.512116	434.512416	14.889630365
166.246804	82293	496.910209	497.076456	497.076756	16.625146804
164.285385	106524	640.077620	640.241906	640.242206	21.469385385
172.314328	49969	295.006282	295.178597	295.178897	10.166414328
174.078324	36689	221.209348	221.383426	221.383726	7.512178324
173.952210	4149	24.722881	24.896834	24.897134	1.00405221
172.506348	36943	222.369133	222.541639	222.541939	7.561406348
194.399028	49445	295.133763	295.328162	295.328462	10.083699028
166.416326	49527	296.676841	296.843258	296.843558	10.072116326
194.685020	40469	238.587150	238.781835	238.782135	8.28878502
184.689639	36321	220.543455	220.728144	220.728444	7.449189639
221.498102	52584	317.031357	317.252855	317.253155	10.738598102
200.656179	64834	391.069005	391.269661	391.269961	13.167756179
176.420719	69922	422.090601	422.267021	422.267321	14.161120719
186.722569	85	0.457097	0.643820	0.64412	0.204022569
188.378781	73013	441.516460	441.704839	441.705139	14.791278781
187.484617	48619	293.004059	293.191543	293.191843	9.911584617
190.541767	73279	438.963503	439.154045	439.154345	14.846641767
220.261074	32509	194.903261	195.123522	195.123822	6.722361074
182.138149	81499	490.460805	490.642943	490.643243	16.482238149
190.790424	105617	636.320046	636.510836	636.511136	21.314490424
197.627884	121879	731.504858	731.702486	731.702786	24.573727884
230.857587	76940	464.702576	464.933434	464.933734	15.619157587
186.026665	65884	394.906605	395.092632	395.092932	13.363126665
216.481320	37	0.173210	0.389691	0.389991	0.22418132
188.008871	2142	13.002400	13.190409	13.190709	0.616708871
194.282038	20843	123.469172	123.663454	123.663754	4.363182038
197.973829	4521	26.581274	26.779248	26.779548	1.102473829
201.055730	4551	26.888458	27.089513	27.089813	1.11155573
225.254859	125784	754.608358	754.833613	754.833913	25.382354859
202.698937	12424	72.524440	72.727139	72.727439	2.687798937
206.241278	4407	26.556575	26.762817	26.763117	1.087941278
225.514619	101343	611.958034	612.183549	612.183849	20.494414619
173.404765	75882	457.508956	457.682361	457.682661	15.350104765
187.711718	8193	47.023322	47.211034	47.211334	1.826611718
209.862671	93303	566.151786	566.361648	566.361948	18.870762671
185.314439	93429	563.444124	563.629438	563.629738	18.871414439
191.055962	65067	389.439010	389.630066	389.630366	13.204755962
187.293215	93307	562.627386	562.814679	562.814979	18.848993215
200.406663	93197	561.476271	561.676678	561.676978	18.840106663
212.544220	28549	170.473044	170.685588	170.685888	5.92264422
227.459251	8229	48.103908	48.331367	48.331667	1.873559251
202.056203	149629	898.241441	898.443497	898.443797	30.128156203
175.623554	68089	412.589268	412.764891	412.765191	13.793723554
194.237303	24	0.153113	0.347350	0.34765	0.199337303
183.622424	24948	147.814264	147.997886	147.998186	5.173522424
209.830622	69730	423.237282	423.447112	423.447412	14.156130622
195.568683	8440	52.094232	52.289801	52.290101	1.883868683
225.985790	102023	621.985109	622.211095	622.211395	20.63088579
191.348802	40977	249.361235	249.552584	249.552884	8.387048802
186.877573	111	0.714463	0.901341	0.901641	0.209377573
206.424886	101896	610.818543	611.024968	611.025268	20.585924886
357.236154	61433	370.054619	370.411855	370.412155	12.644136154
