31.615130	8000	48.661609	48.693225	48.693525	1.63191513
2.049341	2	0.008964	0.011013	0.011313	0.002749341
1.352081	1	0.002691	0.004043	0.004343	0.001852081
1.416537	1	0.003989	0.005406	0.005706	0.001916537
1.401654	2	0.008344	0.009746	0.010046	0.002101654
1.350388	2	0.007994	0.009344	0.009644	0.002050388
5.283556	4017	25.248161	25.253445	25.253745	0.808983556
5.419802	3984	23.038763	23.044183	23.044483	0.802519802
1.635476	1	0.003218	0.004853	0.005153	0.002135476
9.974351	4017	24.377427	24.387402	24.387702	0.813674351
7.322492	3948	23.870746	23.878069	23.878369	0.797222492
9.722790	8000	47.441978	47.451701	47.452001	1.61002279
2.647576	1	0.003723	0.006371	0.006671	0.003147576
1.759685	1	0.004477	0.006236	0.006536	0.002259685
1.782721	2	0.010107	0.011890	0.01219	0.002482721
1.646309	1	0.004445	0.006091	0.006391	0.002146309
1.714319	1	0.003218	0.004932	0.005232	0.002214319
1.697497	1	0.005662	0.007359	0.007659	0.002197497
1.732892	1	0.003610	0.005343	0.005643	0.002232892
1.682133	1	0.046311	0.047993	0.048293	0.002182133
3.326302	1	0.005342	0.008668	0.008968	0.003826302
5.877244	4007	25.431626	25.437504	25.437804	0.807577244
2.160942	3	0.011109	0.013270	0.01357	0.003060942
1.615651	1	0.004946	0.006562	0.006862	0.002115651
1.630359	2	0.010224	0.011854	0.012154	0.002330359
1.601249	2	0.008227	0.009828	0.010128	0.002301249
1.632708	1	0.002757	0.004390	0.00469	0.002132708
1.570974	1	0.003696	0.005267	0.005567	0.002070974
1.550071	1	0.003013	0.004563	0.004863	0.002050071
6.489359	4007	23.737765	23.744255	23.744555	0.808189359
3.393808	2	0.009590	0.012984	0.013284	0.004093808
9.305014	8000	46.722624	46.731929	46.732229	1.609605014
2.455766	1	0.005117	0.007573	0.007873	0.002955766
1.670909	1	0.004378	0.006049	0.006349	0.002170909
1.725755	1	0.003633	0.005359	0.005659	0.002225755
1.695079	2	0.005860	0.007555	0.007855	0.002395079
5.723441	4031	23.385859	23.391583	23.391883	0.812223441
2.007888	2	0.006857	0.008865	0.009165	0.002707888
5.755546	3970	23.640699	23.646455	23.646755	0.800055546
9.197473	8000	48.462082	48.471279	48.471579	1.609497473
3.512982	2	0.008766	0.012279	0.012579	0.004212982
1.705724	1	0.002949	0.004654	0.004954	0.002205724
14.322863	1	0.003937	0.018259	0.018559	0.014822863
3.485561	1	0.002747	0.006232	0.006532	0.003985561
2.185653	2	0.006740	0.008925	0.009225	0.002885653
2.276821	2	0.007045	0.009322	0.009622	0.002976821
2.239348	3	0.010354	0.012593	0.012893	0.003139348
2.181379	1	0.003063	0.005245	0.005545	0.002681379
2.110438	1	0.003865	0.005975	0.006275	0.002610438
1.605887	2	0.007738	0.009344	0.009644	0.002305887
3.451137	1	0.003661	0.007112	0.007412	0.003951137
1.629494	1	0.004265	0.005894	0.006194	0.002129494
1.780272	1	0.003829	0.005609	0.005909	0.002280272
1.744480	1	0.002892	0.004637	0.004937	0.00224448
1.779492	1	0.003989	0.005769	0.006069	0.002279492
1.724802	1	0.057348	0.059073	0.059373	0.002224802
31.971687	3991	24.760993	24.792964	24.793264	0.830471687
2.882453	1	0.003410	0.006292	0.006592	0.003382453
8.344446	8000	49.551736	49.560080	49.56038	1.608644446
5.597566	4010	22.231419	22.237017	22.237317	0.807897566
3.418189	1	0.008775	0.012193	0.012493	0.003918189
1.628826	1	0.003930	0.005558	0.005858	0.002128826
1.811051	1	0.005378	0.007189	0.007489	0.002311051
1.733913	1	0.003736	0.005470	0.00577	0.002233913
1.644204	1	0.009338	0.010982	0.011282	0.002144204
1.661713	1	0.003423	0.005085	0.005385	0.002161713
1.625162	1	0.004374	0.005999	0.006299	0.002125162
1.656532	1	0.003227	0.004884	0.005184	0.002156532
1.636665	1	0.003245	0.004882	0.005182	0.002136665
26.122744	4000	24.392628	24.418750	24.41905	0.826422744
3.432087	1	0.005277	0.008709	0.009009	0.003932087
1.624510	1	0.002807	0.004431	0.004731	0.00212451
4.145529	2038	12.362322	12.366468	12.366768	0.412045529
1.965803	1	0.005117	0.007083	0.007383	0.002465803
1.646969	1	0.005513	0.007160	0.00746	0.002146969
1.682879	1	0.003871	0.005554	0.005854	0.002182879
9.539764	8000	47.865061	47.874600	47.8749	1.609839764
9.761768	8000	47.843157	47.852919	47.853219	1.610061768
2.541895	1	0.003342	0.005884	0.006184	0.003041895
1.699128	1	0.002944	0.004643	0.004943	0.002199128
7.437164	4014	22.794173	22.801611	22.801911	0.810537164
2.221095	1	0.004080	0.006301	0.006601	0.002721095
1.724418	1	0.003431	0.005155	0.005455	0.002224418
1.731235	1	0.003041	0.004772	0.005072	0.002231235
1.704491	1	0.003012	0.004717	0.005017	0.002204491
1.672969	1	0.007055	0.008728	0.009028	0.002172969
1.647704	1	0.005277	0.006924	0.007224	0.002147704
5.989656	3987	24.724748	24.730738	24.731038	0.803689656
2.033016	1	0.003311	0.005344	0.005644	0.002533016
1.601837	1	0.004214	0.005815	0.006115	0.002101837
3.850082	2	0.007077	0.010927	0.011227	0.004550082
1.661250	2	0.085968	0.087629	0.087929	0.00236125
1.671314	2	0.007332	0.009004	0.009304	0.002371314
1.715573	2	0.006827	0.008542	0.008842	0.002415573
1.650391	2	0.011060	0.012710	0.01301	0.002350391
1.631148	3	0.010477	0.012108	0.012408	0.002531148
1.590491	1	0.003316	0.004907	0.005207	0.002090491
1.531240	1	0.008182	0.009714	0.010014	0.00203124
1.566914	2	0.005989	0.007556	0.007856	0.002266914
1.554626	1	0.003818	0.005372	0.005672	0.002054626
