1.021171	1	0.003791	0.004812
0.451884	1	0.004588	0.005040
0.464115	1	0.003372	0.003836
0.503281	1	0.004588	0.005091
0.490079	1	0.003041	0.003531
0.469678	1	0.048429	0.048899
0.469989	1	0.003315	0.003785
0.478679	1	0.005342	0.005821
0.466352	1	0.004407	0.004873
0.455710	1	0.002981	0.003437
1.260712	1	0.004588	0.005849
0.834293	1	0.003203	0.004037
0.548143	1	0.003301	0.003849
0.456644	1	0.003803	0.004260
0.473185	1	0.016497	0.016971
0.459736	1	0.005832	0.006292
0.455937	1	0.002747	0.003203
0.438918	1	0.006275	0.006714
0.451540	1	0.003342	0.003793
0.442011	1	0.003712	0.004154
1.014776	1	0.009338	0.010352
0.441751	1	0.003230	0.003672
0.444760	1	0.003159	0.003604
0.459098	1	0.003378	0.003837
0.496753	1	0.002712	0.003208
0.471832	1	0.002831	0.003303
0.460003	1	0.006833	0.007293
0.445158	1	0.003417	0.003862
0.451022	1	0.004374	0.004825
0.447175	1	0.005277	0.005724
1.072401	1	0.002981	0.004054
0.434056	1	0.004374	0.004808
0.447798	1	0.003311	0.003759
0.456653	1	0.003601	0.004057
0.465314	1	0.003548	0.004013
0.458471	1	0.003780	0.004238
0.451051	1	0.004184	0.004635
0.452706	1	0.003328	0.003780
0.442930	1	0.003061	0.003504
0.480300	1	0.003372	0.003852
1.055650	1	0.004073	0.005128
0.434147	1	0.003633	0.004068
0.445331	1	0.004080	0.004525
0.452521	1	0.003511	0.003964
0.471490	1	0.003937	0.004408
0.455507	1	0.003661	0.004116
0.450823	1	0.004080	0.004531
0.446051	1	0.005262	0.005708
0.468814	1	0.003417	0.003886
0.448600	1	0.004598	0.005047
1.045391	1	0.003781	0.004827
0.437815	1	0.002972	0.003410
0.463458	1	0.005170	0.005633
16.211210	1	0.003280	0.019492
0.867827	1	0.004080	0.004948
0.468494	1	0.003378	0.003846
0.472685	1	0.004445	0.004917
0.479744	1	0.004378	0.004858
0.488990	1	0.004179	0.004668
0.475554	1	0.003758	0.004233
1.052297	1	0.003012	0.004065
0.455058	1	0.004096	0.004551
0.443885	1	0.003799	0.004243
0.454811	1	0.004129	0.004584
0.474322	1	0.057348	0.057823
0.459685	1	0.005298	0.005758
0.461693	1	0.004946	0.005408
0.454974	1	0.003865	0.004320
0.452455	1	0.003227	0.003679
0.451001	1	0.003791	0.004242
1.091503	1	0.004326	0.005418
0.435978	1	0.007407	0.007843
0.440645	1	0.003012	0.003453
0.457285	1	0.003201	0.003659
0.487995	1	0.003227	0.003715
0.461923	1	0.003410	0.003872
0.457513	1	0.005170	0.005627
0.457469	1	0.016468	0.016926
0.463779	1	0.002931	0.003395
0.447525	1	0.006833	0.007281
1.343915	1	0.004184	0.005528
0.830466	1	0.004842	0.005672
0.845107	1	0.003937	0.004782
0.886361	1	0.002662	0.003548
0.859437	1	0.003237	0.004096
0.850728	1	0.003930	0.004780
0.854357	1	0.004184	0.005038
0.849948	1	0.003354	0.004204
0.606616	1	0.003411	0.004017
0.444404	1	0.003730	0.004174
1.001550	1	0.003201	0.004203
0.426254	1	0.002972	0.003399
0.434827	1	0.002972	0.003407
0.448781	1	0.004453	0.004902
0.446335	1	0.003791	0.004238
0.451817	1	0.003803	0.004255
0.441485	1	0.002744	0.003186
0.435960	1	0.003943	0.004379
0.440111	1	0.006700	0.007140
0.494853	1	0.003601	0.004095
