9.001753	8000	48.802986	48.811988
1.789622	2	0.006697	0.008486
1.257364	1	0.002747	0.004004
1.318754	1	0.002662	0.003980
1.338149	2	0.007028	0.008366
1.258714	2	0.009087	0.010345
5.079138	4017	24.957297	24.962376
5.065575	3984	24.247916	24.252982
1.458903	1	0.004374	0.005833
4.830992	4017	23.502364	23.507195
6.425564	3948	23.393234	23.399660
8.330800	8000	47.896914	47.905245
2.236253	1	0.004453	0.006689
1.549320	1	0.003696	0.005245
1.646248	2	0.094225	0.095871
1.567375	1	0.002990	0.004557
1.501713	1	0.002972	0.004474
1.485098	1	0.003865	0.005350
1.525812	1	0.003528	0.005053
1.486373	1	0.006833	0.008319
2.927999	1	0.003781	0.006709
5.773319	4007	23.833545	23.839318
1.992534	3	0.023235	0.025228
1.539651	1	0.003712	0.005251
1.527363	2	0.007066	0.008593
1.574404	2	0.005958	0.007532
1.508029	1	0.003132	0.004640
1.481560	1	0.002944	0.004425
1.510044	1	0.002691	0.004201
5.532292	4007	24.391582	24.397114
2.988167	2	0.008237	0.011225
11.150071	8000	49.310448	49.321598
2.618286	1	0.002831	0.005450
1.551807	1	0.002713	0.004265
1.702770	1	0.003121	0.004824
1.657025	2	0.019779	0.021436
6.983874	4031	22.678503	22.685486
2.025685	2	0.007107	0.009133
5.471283	3970	24.583549	24.589021
8.682207	8000	46.783679	46.792361
3.062200	2	0.010495	0.013557
2.097168	1	0.005298	0.007395
2.220686	1	0.004073	0.006293
2.242709	1	0.003419	0.005661
2.143084	2	0.007357	0.009500
2.090188	2	0.006876	0.008966
1.988491	3	0.013737	0.015726
1.911998	1	0.003363	0.005275
2.020785	1	0.003930	0.005950
2.131935	2	0.006655	0.008787
2.963948	1	0.004445	0.007409
1.500562	1	0.003246	0.004747
1.617914	1	0.003781	0.005399
1.576124	1	0.007055	0.008631
1.598228	1	0.003316	0.004914
1.591904	1	0.003411	0.005003
5.389584	3991	23.795965	23.801354
1.794451	1	0.004096	0.005890
11.680153	8000	47.696630	47.708310
6.297540	4010	24.066829	24.073126
2.969184	1	0.002757	0.005726
1.540659	1	0.003781	0.005322
1.713464	1	0.003227	0.004940
1.570060	1	0.091022	0.092592
1.556065	1	0.005682	0.007238
1.564303	1	0.005489	0.007054
1.510604	1	0.003445	0.004956
1.527359	1	0.002886	0.004413
1.512256	1	0.003354	0.004866
5.601473	4000	24.057194	24.062796
2.979683	1	0.003316	0.006296
1.514841	1	0.003315	0.004830
3.737672	2038	11.543214	11.546951
1.703365	1	0.002972	0.004676
1.521801	1	0.003159	0.004681
1.558128	1	0.003937	0.005495
8.805747	8000	47.537216	47.546022
8.846546	8000	49.883754	49.892601
2.194410	1	0.003254	0.005449
1.507854	1	0.003328	0.004835
6.506588	4014	24.120896	24.127402
1.969338	1	0.003661	0.005630
1.600988	1	0.003699	0.005300
1.577730	1	0.005117	0.006695
1.564546	1	0.003820	0.005384
1.570658	1	0.003818	0.005388
1.542406	1	0.006512	0.008055
5.914499	3987	24.997296	25.003211
1.942196	1	0.004842	0.006784
1.470977	1	0.003276	0.004747
5.161432	2	0.007145	0.012306
2.834306	2	0.010830	0.013664
2.567654	2	0.007941	0.010508
2.472619	2	0.008249	0.010722
2.427250	2	0.007367	0.009795
4.438327	3	0.009907	0.014346
2.991980	1	0.003633	0.006625
2.529737	1	0.003490	0.006019
2.479011	2	0.007763	0.010242
2.431384	1	0.003016	0.005447
