37.500347	8002	46.938420	46.975920
82.330326	8002	46.678652	46.760983
28.719498	8002	47.461253	47.489973
28.869178	8002	47.857370	47.886239
26.034449	8002	47.936273	47.962308
26.436651	8002	46.554345	46.580781
28.932373	8002	49.249255	49.278188
30.478603	8002	48.323968	48.354447
29.732151	8002	48.994774	49.024506
106.034889	8002	46.907893	47.013928
32.870815	8002	49.390598	49.423469
30.915620	8002	48.679780	48.710696
27.072661	8002	48.801987	48.829059
27.399154	8002	47.403645	47.431044
28.691231	8002	47.567933	47.596624
31.885191	8002	49.168510	49.200396
29.164066	8002	47.823121	47.852285
83.160769	8002	48.738696	48.821857
31.831389	8002	49.050905	49.082737
30.353973	8002	46.611881	46.642235
26.326463	8002	49.127798	49.154124
26.422261	8002	47.653800	47.680222
31.296747	8002	47.523721	47.555017
30.586724	8002	47.926170	47.956757
88.164057	8002	49.840746	49.928911
30.455793	8002	47.339826	47.370282
30.497621	8002	49.692389	49.722886
28.949129	8002	47.833201	47.862150
27.413314	8002	48.154675	48.182088
28.628425	8002	48.121857	48.150486
31.996262	8002	47.946316	47.978313
31.960907	8002	47.560509	47.592470
93.155145	8002	47.164892	47.258047
32.248637	8002	47.396160	47.428409
31.209936	8002	50.167152	50.198362
29.318628	8002	48.630142	48.659461
26.854397	8002	47.925937	47.952792
29.096773	8002	47.161744	47.190841
30.863736	8002	48.880291	48.911155
27.967381	8002	48.919490	48.947458
80.488860	8002	48.383551	48.464040
30.756006	8002	47.730054	47.760810
32.791169	8002	48.510281	48.543072
26.651209	8002	49.312428	49.339079
26.560626	8002	47.918280	47.944841
30.412254	8002	47.771956	47.802369
28.658252	8002	50.180895	50.209553
88.044245	8002	47.997544	48.085588
36.512146	8002	48.816254	48.852766
29.240545	8002	48.224012	48.253252
27.640569	8002	47.556178	47.583819
26.399983	8002	48.059934	48.086334
26.252802	8002	48.151173	48.177426
32.286857	8002	47.044039	47.076326
32.772327	8002	49.155443	49.188215
91.498578	8002	47.679419	47.770917
29.187588	8002	47.089851	47.119039
28.506463	8002	49.761515	49.790022
27.643933	8002	48.246148	48.273792
25.392563	8002	49.355692	49.381085
29.214407	8002	49.707820	49.737034
31.996132	8002	48.789099	48.821095
30.724725	8002	47.755503	47.786227
93.106489	8002	49.363070	49.456176
30.961473	8002	48.161113	48.192075
26.972055	8002	48.172087	48.199059
25.316512	8002	48.153349	48.178666
26.132735	8002	48.910387	48.936520
29.035208	8002	46.681080	46.710115
28.363074	8002	48.856419	48.884782
29.456063	8002	49.193552	49.223008
88.516716	8002	47.397363	47.485880
28.978789	8002	47.931841	47.960820
28.866095	8002	47.494937	47.523803
30.429224	8002	49.189456	49.219885
29.478789	8002	47.954995	47.984474
33.078545	8002	47.114279	47.147358
34.129453	8002	48.423803	48.457933
90.166089	8002	48.440833	48.530999
28.006492	8002	48.425182	48.453189
29.248316	8002	46.833120	46.862368
26.026699	8002	49.031662	49.057689
25.548348	8002	47.576259	47.601808
27.553626	8002	48.853475	48.881029
33.102932	8002	48.073915	48.107018
28.069891	8002	48.339947	48.368017
28.843972	8002	47.450945	47.479789
94.084968	8002	48.423355	48.517440
29.133678	8002	49.054221	49.083355
27.024167	8002	48.216063	48.243087
23.400314	8002	47.565235	47.588635
24.583038	8002	48.377911	48.402494
27.989524	8002	47.459047	47.487037
27.460374	8002	46.629421	46.656882
84.287147	8002	48.347522	48.431809
26.724485	8002	47.413558	47.440283
34.069939	8002	49.151806	49.185876
30.850530	8002	48.275968	48.306818
30.269389	8002	48.620613	48.650883
30.668524	8002	48.854911	48.885580
