4.736521	1000	6.203562	6.208298
0.157954	2	0.008270	0.008428
0.043594	1	0.008625	0.008669
0.038607	1	0.005832	0.005871
0.040251	2	0.105777	0.105818
0.039351	1	0.003799	0.003838
3.062253	517	2.997007	3.000069
16.095050	484	3.116483	3.132578
0.139742	1	0.003200	0.003339
2.954075	517	3.220312	3.223266
1.358610	496	2.443691	2.445050
2.347377	1000	6.039157	6.041505
0.087472	1	0.003820	0.003907
0.021654	1	0.006275	0.006296
0.020568	1	0.004082	0.004102
0.020937	1	0.004453	0.004474
0.021778	1	0.003758	0.003780
0.021131	1	0.004350	0.004372
0.020962	1	0.003818	0.003839
0.022483	1	0.004096	0.004118
0.026981	1	0.016497	0.016524
1.227590	505	3.229829	3.231057
0.075207	1	0.005117	0.005192
0.032704	1	0.005682	0.005715
0.019444	1	0.004453	0.004473
0.019698	1	0.004374	0.004394
0.019135	1	0.002723	0.002742
0.019748	1	0.002931	0.002951
0.018069	1	0.002691	0.002709
0.704027	505	3.107876	3.108580
0.046012	1	0.003937	0.003983
2.421897	1000	5.622424	5.624846
0.041698	1	0.004073	0.004114
0.016348	1	0.006275	0.006291
0.013392	1	0.003425	0.003438
0.014639	1	0.008182	0.008197
0.679665	485	2.662047	2.662727
0.023147	1	0.003696	0.003719
0.891121	516	3.042228	3.043120
1.513793	1000	6.001174	6.002688
0.016512	1	0.004096	0.004112
0.017217	1	0.003301	0.003318
0.013516	1	0.004293	0.004307
0.013834	1	0.004363	0.004377
0.013155	1	0.003490	0.003503
0.010045	1	0.004912	0.004922
0.012811	1	0.004214	0.004226
0.013177	1	0.003528	0.003541
0.013610	1	0.003406	0.003419
0.013357	1	0.003528	0.003541
0.016741	1	0.002981	0.002998
0.010489	1	0.008625	0.008636
0.013763	1	0.003735	0.003748
0.012673	1	0.003423	0.003436
0.013685	1	0.006512	0.006526
0.013808	1	0.003058	0.003072
1.582856	511	2.805481	2.807064
0.037535	1	0.004363	0.004401
2.223180	1000	6.089100	6.091323
0.661030	490	3.172439	3.173100
0.015661	1	0.003301	0.003317
0.015674	1	0.003121	0.003137
0.013177	1	0.006063	0.006076
0.012889	1	0.003301	0.003314
0.013581	1	0.028880	0.028893
0.016477	1	0.004226	0.004243
0.012765	1	0.004378	0.004391
0.011558	1	0.004293	0.004305
0.012131	1	0.004594	0.004606
1.135863	502	2.775114	2.776250
0.015322	1	0.003301	0.003316
0.015422	1	0.003121	0.003137
0.569222	264	1.456437	1.457006
0.019418	1	0.003865	0.003884
0.010435	1	0.002662	0.002672
0.012427	1	0.003780	0.003792
1.796335	1000	5.813366	5.815162
1.342069	1000	6.349340	6.350682
0.028560	1	0.003780	0.003809
0.015606	1	0.003410	0.003426
1.483474	509	2.910346	2.911830
0.031119	1	0.003218	0.003249
0.013464	1	0.002931	0.002945
0.013366	1	0.005262	0.005276
0.012474	1	0.003159	0.003171
0.012711	1	0.003796	0.003809
0.013542	1	0.016468	0.016482
1.229072	492	2.968287	2.969516
0.023964	1	0.091022	0.091046
0.014556	1	0.003159	0.003174
0.015504	1	0.004350	0.004366
0.014209	1	0.002807	0.002821
0.011623	1	0.003818	0.003829
0.010876	1	0.003799	0.003810
0.011527	1	0.002949	0.002960
0.012389	1	0.002981	0.002994
0.011320	1	0.004453	0.004464
0.011505	1	0.005271	0.005282
0.012114	1	0.003490	0.003502
0.011934	1	0.002981	0.002993
