0.304545	1	0.022622	0.022926
0.389411	1	0.004598	0.004988
0.420715	1	0.003342	0.003763
0.418341	1	0.003041	0.003459
0.418133	1	0.002931	0.003349
0.427012	1	0.002961	0.003388
0.428972	1	0.022622	0.023051
0.419923	1	0.003328	0.003747
0.419518	1	0.004082	0.004501
0.418332	1	0.002757	0.003175
0.761367	1	0.005662	0.006423
0.229100	1	0.002931	0.003160
0.226477	1	0.057348	0.057575
0.227195	1	0.005342	0.005569
0.230810	1	0.004477	0.004708
0.233651	1	0.002855	0.003089
0.233702	1	0.003423	0.003657
0.242219	1	0.005271	0.005513
0.235885	1	0.002642	0.002877
0.238310	1	0.003633	0.003872
0.637090	1	0.003417	0.004054
0.214973	1	0.003354	0.003569
0.216576	1	0.004363	0.004580
0.215873	1	0.006275	0.006491
0.219130	1	0.003016	0.003235
0.220617	1	0.003511	0.003732
0.218211	1	0.004096	0.004314
0.222220	1	0.003937	0.004159
0.257172	1	0.005298	0.005555
0.222410	1	0.003417	0.003639
0.977879	1	0.006063	0.007041
0.397700	1	0.003063	0.003461
0.391581	1	0.004179	0.004570
0.393731	1	0.003696	0.004089
0.395349	1	0.016468	0.016864
0.402035	1	0.003865	0.004267
0.400320	1	0.003490	0.003890
0.406294	1	0.003274	0.003680
0.402853	1	0.006700	0.007103
0.438796	1	0.004265	0.004703
0.767994	1	0.003939	0.004707
0.246519	1	0.003425	0.003671
0.229473	1	0.002831	0.003061
0.227392	1	0.003730	0.003957
0.235167	1	0.002750	0.002985
0.244861	1	0.004073	0.004317
0.337039	1	0.002972	0.003309
0.244618	1	0.005891	0.006136
0.242992	1	0.004445	0.004688
0.234780	1	0.002892	0.003127
0.527259	1	0.003633	0.004161
0.204729	1	0.004588	0.004793
0.205786	1	0.003930	0.004135
0.207466	1	0.003363	0.003570
0.205962	1	0.003758	0.003964
0.254881	1	0.003255	0.003509
0.210156	1	0.002983	0.003193
0.218595	1	0.003372	0.003591
0.210219	1	0.004179	0.004389
0.212415	1	0.002642	0.002855
0.649691	1	0.003132	0.003781
0.222056	1	0.003309	0.003531
0.219875	1	0.003712	0.003932
0.238355	1	0.003528	0.003766
0.227424	1	0.003511	0.003739
0.227541	1	0.002931	0.003159
0.224610	1	0.003230	0.003455
0.226570	1	0.002952	0.003179
0.227631	1	0.004265	0.004492
0.223951	1	0.002691	0.002914
0.590841	1	0.002983	0.003574
0.212923	1	0.003799	0.004012
0.214722	1	0.003511	0.003726
0.214460	1	0.003309	0.003524
0.216229	1	0.003784	0.004000
0.218005	1	0.004363	0.004581
0.219498	1	0.002712	0.002931
0.220535	1	0.004445	0.004665
0.214016	1	0.006700	0.006914
0.232835	1	0.004363	0.004596
0.678261	1	0.004293	0.004972
0.224974	1	0.003338	0.003563
0.221078	1	0.003601	0.003822
0.222324	1	0.046311	0.046533
0.222184	1	0.003423	0.003646
0.227334	1	0.003601	0.003828
0.230542	1	0.003276	0.003507
20.555576	1	0.004842	0.025397
0.271895	1	0.003063	0.003335
0.440803	1	0.002892	0.003333
0.604971	1	0.003342	0.003947
0.214081	1	0.006833	0.007047
0.223177	1	0.002831	0.003054
0.213883	1	0.005513	0.005727
0.213640	1	0.003410	0.003624
0.216130	1	0.002931	0.003147
0.223267	1	0.004265	0.004488
0.219971	1	0.003781	0.004001
0.217834	1	0.003159	0.003377
0.222255	1	0.002758	0.002981
