536.477482	5997	36.954568	37.491046
404.768215	2001	11.905374	12.310142
413.889309	2003	12.215640	12.629529
398.361721	2005	11.999433	12.397795
412.847634	2007	12.294839	12.707687
424.470939	2009	12.295920	12.720391
398.847879	2011	11.165385	11.564233
428.445548	2013	12.271376	12.699822
416.862241	2015	11.680477	12.097339
414.671156	2017	12.046258	12.460929
539.745610	5997	36.768792	37.308538
410.706390	2001	11.789066	12.199773
393.786471	2003	12.380864	12.774651
403.721169	2005	13.163174	13.566895
415.997521	2007	11.929117	12.345115
401.220947	2009	12.691248	13.092469
403.130443	2011	12.456799	12.859930
406.469000	2013	11.858295	12.264764
388.973826	2015	12.268128	12.657102
394.897351	2017	12.019584	12.414481
517.099896	5997	36.401160	36.918260
398.941478	2001	12.247428	12.646370
416.954219	2003	11.910149	12.327103
424.518779	2005	11.955679	12.380198
406.280277	2007	11.701975	12.108256
426.477141	2009	11.269436	11.695913
432.245270	2011	12.108833	12.541079
436.238699	2013	11.466993	11.903232
416.621196	2015	12.303162	12.719783
426.929338	2017	11.421700	11.848630
509.440404	5997	37.393192	37.902633
399.008821	2001	11.968353	12.367362
413.908671	2003	11.971014	12.384922
385.884514	2005	12.753591	13.139475
416.603184	2007	12.845071	13.261674
412.691981	2009	11.967724	12.380416
414.214935	2011	11.749693	12.163908
398.695319	2013	12.643009	13.041704
407.951675	2015	12.316675	12.724627
405.936782	2017	12.814257	13.220193
518.131144	5997	34.636453	35.154584
397.167182	2001	12.131016	12.528183
401.949591	2003	11.519476	11.921426
388.183463	2005	11.932893	12.321076
410.400609	2007	12.306681	12.717081
414.399022	2009	11.754960	12.169359
384.762104	2011	12.006029	12.390791
393.665507	2013	12.752260	13.145926
398.671333	2015	11.919063	12.317735
385.061341	2017	12.144914	12.529976
529.042055	5997	36.126636	36.655679
412.603827	2001	12.059112	12.471716
380.132036	2003	11.448740	11.828872
393.331176	2005	11.124277	11.517609
404.141917	2007	12.154062	12.558204
377.558272	2009	11.932587	12.310145
386.486391	2011	11.593892	11.980378
403.458364	2013	12.290033	12.693491
373.903680	2015	12.846016	13.219920
390.669581	2017	11.954786	12.345456
535.185886	5997	35.121377	35.656563
409.972769	2001	12.014795	12.424768
393.784656	2003	11.947228	12.341013
407.031740	2005	11.752920	12.159951
370.922920	2007	11.447559	11.818482
387.295295	2009	12.197654	12.584950
391.350373	2011	12.088225	12.479575
375.660865	2013	13.649591	14.025252
390.073086	2015	11.900218	12.290291
393.358914	2017	12.063188	12.456547
502.405023	5997	35.936454	36.438860
397.214275	2001	11.442555	11.839770
406.540008	2003	12.399274	12.805814
422.100371	2005	11.899329	12.321429
424.790117	2007	11.512529	11.937319
409.232681	2009	12.240378	12.649611
399.245788	2011	11.795308	12.194554
402.108835	2013	11.885406	12.287515
408.181323	2015	11.914246	12.322427
413.986827	2017	12.123697	12.537684
535.136011	5997	36.213292	36.748428
400.928302	2001	12.237254	12.638182
435.586332	2003	11.462120	11.897706
401.508066	2005	12.556649	12.958158
403.252296	2007	12.020557	12.423809
410.291267	2009	11.798761	12.209052
392.506158	2011	11.605132	11.997639
406.104989	2013	11.870620	12.276725
430.465811	2015	12.273866	12.704332
397.611536	2017	11.686283	12.083895
548.498228	5997	35.491819	36.040317
428.067712	2001	11.356379	11.784447
411.804934	2003	11.825080	12.236885
427.137056	2005	12.065224	12.492361
428.148621	2007	12.530072	12.958221
416.101964	2009	12.544758	12.960860
414.689387	2011	12.333439	12.748129
424.473679	2013	11.575898	12.000371
407.360697	2015	11.657687	12.065048
427.019907	2017	11.684042	12.111062
