5.140001	1002	6.513144	6.518284
37.117526	1002	6.093741	6.130858
5.286023	1002	6.442460	6.447746
5.011011	1002	6.648180	6.653191
5.177240	1002	5.952032	5.957209
5.687283	1002	5.909037	5.914725
5.132875	1002	5.526628	5.531761
4.875296	1002	6.209959	6.214835
5.083960	1002	6.518531	6.523615
5.051290	1002	5.720839	5.725890
5.725162	1002	5.880593	5.886318
5.201297	1002	6.110104	6.115305
5.107529	1002	6.056170	6.061277
5.090494	1002	6.319804	6.324895
5.403432	1002	6.001687	6.007090
40.827035	1002	6.487537	6.528364
5.606338	1002	5.498630	5.504236
5.221100	1002	5.445915	5.451136
5.238344	1002	5.722548	5.727786
5.499192	1002	6.021929	6.027428
5.712668	1002	6.257200	6.262913
5.198503	1002	5.750273	5.755471
5.768554	1002	5.671710	5.677478
5.476002	1002	6.008731	6.014207
5.139113	1002	6.478088	6.483227
5.756526	1002	5.695854	5.701611
5.456801	1002	5.963069	5.968526
5.467021	1002	5.646581	5.652048
5.088303	1002	5.912291	5.917379
9.573347	1002	5.813098	5.822672
5.125846	1002	6.316253	6.321379
5.104557	1002	5.880770	5.885875
6.024317	1002	5.459064	5.465088
5.257489	1002	5.462271	5.467528
5.027785	1002	6.125311	6.130338
5.239841	1002	7.287690	7.292930
5.133818	1002	5.791783	5.796917
5.070235	1002	6.476878	6.481948
4.968620	1002	5.803337	5.808306
5.258974	1002	6.316308	6.321567
5.151492	1002	6.330224	6.335376
5.126422	1002	5.840687	5.845814
5.031486	1002	6.066943	6.071975
6.421808	1002	6.120100	6.126521
5.133662	1002	5.805895	5.811028
5.197149	1002	6.418321	6.423518
4.896139	1002	5.609485	5.614381
5.113400	1002	6.777849	6.782963
5.138802	1002	6.596173	6.601312
5.138249	1002	5.813019	5.818157
6.101576	1002	6.398936	6.405038
5.063815	1002	5.926734	5.931798
4.874005	1002	6.462739	6.467613
5.132954	1002	6.465306	6.470439
5.045826	1002	5.618586	5.623632
5.468852	1002	6.216780	6.222249
5.080258	1002	5.679873	5.684953
8.805808	1002	6.161470	6.170276
5.066302	1002	5.730924	5.735991
5.228581	1002	6.225017	6.230246
5.347833	1002	5.679031	5.684379
5.184206	1002	6.432680	6.437864
5.023733	1002	5.670264	5.675288
4.870723	1002	5.530121	5.534992
5.310312	1002	6.212131	6.217441
5.065832	1002	6.310663	6.315729
5.054240	1002	6.096708	6.101762
5.172177	1002	6.821577	6.826749
5.219799	1002	6.092322	6.097542
5.246605	1002	6.114754	6.120001
5.624930	1002	5.761805	5.767430
5.309526	1002	6.334827	6.340136
5.123386	1002	5.960150	5.965274
5.053375	1002	5.795525	5.800578
5.727899	1002	6.343766	6.349494
5.717207	1002	6.030078	6.035796
5.044226	1002	5.963262	5.968306
5.328317	1002	6.156555	6.161884
5.445147	1002	6.396523	6.401968
5.307515	1002	6.281477	6.286784
5.103311	1002	5.751094	5.756197
5.257362	1002	5.993402	5.998659
5.310743	1002	5.846224	5.851535
5.196879	1002	5.896271	5.901468
5.310811	1002	5.899587	5.904898
9.413669	1002	5.984619	5.994032
5.328716	1002	5.658847	5.664176
5.260968	1002	5.836379	5.841640
5.092664	1002	5.323562	5.328654
5.469407	1002	6.450308	6.455778
6.005753	1002	5.655937	5.661943
5.229504	1002	5.702830	5.708060
5.305366	1002	5.984934	5.990239
5.246691	1002	6.027960	6.033206
5.234514	1002	6.050747	6.055982
6.236842	1002	5.566091	5.572328
5.252872	1002	5.844898	5.850151
5.313291	1002	5.534298	5.539611
6.174785	1002	6.667905	6.674079
8.487976	1002	5.897369	5.905857
