34.778997	30470	184.088724	184.123503
34.325790	21658	130.539542	130.573868
70.933510	42587	256.877850	256.948784
34.043603	15431	92.297178	92.331221
35.897188	34274	205.462972	205.498869
58.008946	38371	232.308287	232.366296
36.420882	39483	236.958667	236.995088
38.104862	22852	136.959090	136.997194
55.094772	21663	128.973620	129.028715
37.450848	41477	251.958386	251.995836
31.932158	21896	133.920989	133.952921
58.416112	14838	91.601079	91.659495
34.383537	543	3.277414	3.311798
34.525976	23441	138.469651	138.504177
34.032589	327	1.991134	2.025167
48.834522	261	1.394709	1.443544
36.111263	549	3.379547	3.415658
35.507887	17173	101.317330	101.352838
63.274074	17135	103.307015	103.370289
36.703752	27553	167.194085	167.230789
35.017925	32919	197.485219	197.520237
70.599490	40078	239.335287	239.405886
37.170984	12453	74.617001	74.654171
37.902639	8269	48.802686	48.840589
64.896189	57571	347.208065	347.272961
38.413383	59809	360.910531	360.948944
39.702173	57573	346.769866	346.809568
64.839026	22577	135.394126	135.458965
38.736345	85	0.551472	0.590209
41.365190	60856	369.070098	369.111464
66.987495	24606	147.584491	147.651479
37.377575	17624	105.952786	105.990163
39.368500	32467	197.350941	197.390309
69.528596	34633	209.378194	209.447723
39.241499	23929	140.940824	140.980065
40.228056	19626	116.397918	116.438146
64.122541	977	6.183383	6.247506
41.004443	1942	11.759524	11.800528
41.937693	39812	240.371294	240.413232
69.372661	36380	217.777506	217.846879
32.092245	30467	180.269108	180.301200
34.318308	7859	47.087726	47.122044
58.884005	59053	356.406790	356.465674
35.984242	26439	159.647722	159.683706
36.895877	38679	231.886888	231.923784
54.176702	14287	86.430205	86.484382
36.320521	14309	84.773091	84.809412
38.115673	2361	14.110506	14.148622
37.912696	26427	159.450364	159.488276
59.133767	46927	285.019722	285.078856
32.694379	23601	141.597244	141.629938
33.652284	7649	45.868784	45.902436
75.258979	22649	135.153467	135.228726
34.085355	18519	109.868502	109.902587
34.977556	11853	70.743059	70.778037
58.258564	4201	25.006619	25.064878
35.367917	46380	282.813021	282.848389
36.820833	39083	236.057364	236.094185
56.709927	20422	121.136868	121.193578
37.797606	5305	31.663255	31.701053
37.177418	32901	195.742286	195.779464
91.307902	6413	39.280102	39.371410
41.662856	49681	300.181760	300.223423
42.038877	41409	250.248754	250.290793
65.250615	45611	274.261442	274.326693
40.957038	15047	90.990007	91.030964
42.297805	6473	37.576062	37.618359
67.383251	9003	55.196143	55.263526
42.799692	139	0.767323	0.810123
44.634534	42448	255.991227	256.035861
61.506479	31921	192.727344	192.788851
39.579866	4275	24.876149	24.915729
40.094095	4872	29.725676	29.765770
66.659201	62899	376.194853	376.261512
41.422993	4245	24.814744	24.856167
41.496321	187	1.044432	1.085928
67.827542	62836	378.197439	378.265267
44.304378	13728	82.112706	82.157010
65.683811	60717	365.226197	365.291881
43.813981	23943	144.222523	144.266337
26.955559	24941	147.868657	147.895613
28.008061	37963	228.230933	228.258941
56.463941	589	3.861618	3.918082
29.548023	37897	228.133917	228.163465
30.466189	25535	154.769033	154.799499
29.901387	449	2.600397	2.630299
49.509168	165	0.786349	0.835858
30.309411	30747	181.812399	181.842708
31.421111	357	2.198036	2.229458
31.352304	4911	30.548486	30.579838
68.167003	30879	187.320973	187.389140
40.369057	12241	73.581472	73.621841
37.931940	49871	303.710019	303.747951
77.480555	33001	198.503280	198.580761
37.797086	14389	89.490336	89.528133
38.749056	18635	114.662694	114.701443
58.023620	33289	198.523443	198.581467
39.331388	33079	196.069181	196.108513
39.482265	37	0.156733	0.196216
59.184586	18667	110.797784	110.856969
