3.287712	102	0.657027	0.660315
3.523323	102	0.710419	0.713943
3.601404	102	0.688159	0.691760
3.314533	102	0.629492	0.632806
3.758304	102	0.882623	0.886382
3.568260	102	0.513097	0.516665
3.634711	102	0.509496	0.513131
4.304234	102	0.445896	0.450200
3.525324	102	0.732250	0.735776
3.481492	102	0.625789	0.629271
3.563918	102	0.607265	0.610829
3.283821	102	0.548511	0.551795
3.496703	102	0.467445	0.470942
3.690909	102	0.517564	0.521255
3.616056	102	0.599232	0.602848
3.380836	102	0.774064	0.777445
3.447086	102	0.691985	0.695432
3.334615	102	0.514677	0.518012
3.601115	102	0.757545	0.761146
3.484100	102	0.756518	0.760002
3.426081	102	0.814034	0.817461
3.604536	102	0.605835	0.609440
3.351995	102	0.545717	0.549069
3.244913	102	0.718484	0.721729
3.283064	102	0.749760	0.753043
3.366416	102	0.738551	0.741918
3.201349	102	0.527346	0.530547
3.254783	102	0.592346	0.595601
3.375273	102	0.788699	0.792074
3.403104	102	0.693287	0.696690
3.810314	102	0.578358	0.582169
3.257552	102	0.745546	0.748804
3.318982	102	0.530244	0.533563
3.344874	102	0.551831	0.555176
3.202949	102	0.526511	0.529714
3.364136	102	0.624723	0.628087
3.381021	102	0.483875	0.487256
3.408964	102	0.581949	0.585358
3.226034	102	0.819229	0.822455
3.308749	102	0.732486	0.735795
3.367984	102	0.450877	0.454245
3.711955	102	0.569474	0.573186
3.207104	102	0.568564	0.571772
3.284317	102	0.760223	0.763507
3.452083	102	0.675861	0.679314
4.862641	102	0.500287	0.505150
3.309245	102	0.676875	0.680185
3.280806	102	0.769181	0.772462
3.503872	102	0.563827	0.567331
3.181791	102	0.617198	0.620379
3.234522	102	0.585879	0.589114
3.343562	102	0.579936	0.583280
3.311471	102	0.661482	0.664793
3.204750	102	0.485709	0.488914
3.314311	102	0.559162	0.562476
3.310149	102	0.491135	0.494446
3.445160	102	0.561140	0.564585
3.199653	102	0.707973	0.711173
3.270469	102	0.654490	0.657760
3.407436	102	0.764577	0.767984
3.345272	102	0.506035	0.509381
3.162759	102	0.602029	0.605192
3.411422	102	0.544531	0.547942
3.424032	102	0.612037	0.615461
4.919273	102	0.516111	0.521031
3.329090	102	0.596578	0.599907
3.294861	102	0.565330	0.568624
3.384708	102	0.505744	0.509129
3.198911	102	0.601431	0.604630
3.286605	102	0.725883	0.729169
3.335411	102	0.576928	0.580264
3.376134	102	0.674455	0.677831
3.159797	102	0.507470	0.510629
3.259227	102	0.611249	0.614509
3.315004	102	0.511040	0.514355
3.458867	102	0.706178	0.709637
3.247710	102	0.563120	0.566368
3.361309	102	0.738792	0.742154
3.394365	102	0.523581	0.526975
3.251350	102	0.860712	0.863964
3.291438	102	0.530322	0.533614
3.398304	102	0.775910	0.779309
3.361300	102	0.597372	0.600733
3.955950	102	0.502146	0.506102
3.285290	102	0.756381	0.759666
3.380639	102	0.736982	0.740363
3.384681	102	0.593121	0.596506
3.227458	102	0.777546	0.780773
3.294904	102	0.499736	0.503031
3.449262	102	0.544505	0.547954
3.495299	102	0.528789	0.532284
3.265728	102	0.484938	0.488203
3.354724	102	0.509861	0.513215
3.339686	102	0.510943	0.514283
3.411739	102	0.890864	0.894276
3.206883	102	0.614084	0.617291
3.324879	102	0.511043	0.514368
3.344387	102	0.487820	0.491164
3.271980	102	0.636116	0.639388
3.216196	102	0.476388	0.479605
