52.314805	13627	82.524377	82.576692
45.434188	9160	56.095156	56.140591
15.322608	16961	99.201381	99.216704
20.477448	7885	48.819680	48.840157
17.227339	13682	83.788971	83.806198
17.601943	15777	95.129217	95.146818
38.738596	16413	98.679453	98.718191
16.803367	9830	57.263680	57.280483
14.929501	9165	54.797772	54.812702
51.277740	17359	107.982269	108.033547
13.485393	10931	66.074370	66.087855
12.539291	7838	46.383867	46.396406
12.736646	543	3.385972	3.398709
30.524512	11511	66.570252	66.600776
13.947263	327	2.242678	2.256625
13.499760	261	1.468362	1.481862
13.467448	549	3.295141	3.308608
13.659642	9173	55.220945	55.234605
13.877130	9135	54.908068	54.921945
14.079302	13623	81.905038	81.919117
13.760222	14937	88.130556	88.144316
13.695307	18577	114.800632	114.814327
13.884315	6453	37.949581	37.963465
14.092574	4269	24.361859	24.375952
14.119610	25575	156.911830	156.925950
36.153307	25817	154.050459	154.086613
14.957097	25577	155.277277	155.292234
14.826063	11571	68.194243	68.209069
14.571497	85	0.576129	0.590700
15.083092	26367	159.447388	159.462472
14.919734	12732	74.824938	74.839857
14.753304	9110	54.411855	54.426608
15.177161	16861	101.701864	101.717041
15.396870	16953	100.825771	100.841167
15.669583	12415	73.985661	74.001331
34.362620	10111	61.040642	61.075004
20.650058	499	3.245981	3.266631
16.449241	985	6.511336	6.527786
16.754380	19606	119.383694	119.400448
16.966654	18814	111.274256	111.291223
13.858514	15431	91.720773	91.734632
14.374401	2769	16.841479	16.855853
14.403407	28965	177.551207	177.565610
14.491808	12351	77.165751	77.180243
14.714652	18587	110.353493	110.368207
14.758860	6199	37.353828	37.368586
31.240730	6221	38.013947	38.045188
15.014429	1359	8.017326	8.032340
15.793741	12339	72.378147	72.393941
15.920926	22835	136.093469	136.109390
31.194760	12467	73.940230	73.971424
23.738136	3545	21.728493	21.752231
24.421131	11407	67.744758	67.769179
15.323723	9277	54.258912	54.274236
15.290460	5749	34.218290	34.233581
15.133728	2201	12.640608	12.655741
15.385655	23569	142.398147	142.413533
30.750673	19841	122.980795	123.011545
16.216982	10180	60.528087	60.544304
17.273565	2828	16.463539	16.480812
17.573830	17412	103.518715	103.536289
38.540108	3397	20.266993	20.305533
20.654065	25681	152.416147	152.436801
21.301179	21409	128.752314	128.773616
20.858533	23611	142.085244	142.106103
20.867400	8031	49.326248	49.347115
47.326608	3457	20.729576	20.776903
20.917517	4971	30.795518	30.816436
21.945365	139	0.842832	0.864777
22.387687	21940	131.799864	131.822251
24.005041	16892	102.571929	102.595934
22.227019	2275	13.214706	13.236933
22.978786	2638	15.862985	15.885964
22.817844	32365	194.129160	194.151977
21.861431	2245	13.341214	13.363076
41.144134	187	1.295889	1.337033
21.650514	32316	195.433907	195.455557
22.692391	7208	44.927274	44.949967
22.821793	31197	186.598697	186.621519
22.794799	12451	73.894833	73.917628
14.170299	13451	80.374334	80.388504
15.094782	19963	122.161890	122.176985
14.419028	589	3.295850	3.310269
14.455675	19897	119.686467	119.700923
18.437462	13535	81.717889	81.736326
15.126915	449	2.557656	2.572783
31.187080	165	0.963469	0.994656
15.952054	16240	98.011001	98.026953
16.548866	357	1.885026	1.901575
15.722248	2911	18.758062	18.773784
36.139774	16384	98.209172	98.245312
18.482963	6239	39.377118	39.395601
18.812435	25877	156.263079	156.281891
18.515067	17007	101.120001	101.138516
23.885717	7391	45.017044	45.040930
18.678527	9637	57.179977	57.198656
35.415990	17295	104.277108	104.312524
19.358041	17085	103.773927	103.793285
19.545272	37	0.143100	0.162645
19.315679	9669	58.227214	58.246530
