2.146045	2000	13.424997	13.427143
0.292443	2	0.007594	0.007886
0.285596	1	0.004096	0.004381
0.301468	1	0.016497	0.016799
0.304254	2	0.024108	0.024412
0.291996	1	0.003399	0.003691
0.843638	993	5.628197	5.629041
0.878626	1008	5.857733	5.858611
0.295255	1	0.005298	0.005593
0.880456	993	5.905657	5.906537
1.608602	986	6.043816	6.045425
1.522373	2000	11.893186	11.894709
0.336290	1	0.003417	0.003753
0.329843	1	0.004350	0.004680
0.353774	1	0.002678	0.003032
0.331879	1	0.004080	0.004412
0.330642	1	0.003213	0.003543
0.333668	1	0.003342	0.003675
0.338123	1	0.003354	0.003692
0.334591	1	0.046311	0.046645
0.808063	1	0.003230	0.004038
1.208538	1002	6.154885	6.156093
0.325401	1	0.003511	0.003837
0.325345	1	0.003661	0.003986
0.326141	1	0.003876	0.004203
0.346295	1	0.006063	0.006409
0.363349	1	0.003245	0.003609
0.355029	1	0.003284	0.003639
0.339290	1	0.005891	0.006231
0.983999	1002	6.325266	6.326250
0.820332	2	0.011168	0.011989
2.813561	2000	11.963205	11.966018
0.353466	1	0.003237	0.003590
0.335568	1	0.003780	0.004116
0.334636	1	0.002831	0.003166
0.342296	2	0.006798	0.007140
0.958650	963	5.747762	5.748721
0.336123	2	0.008340	0.008676
0.992018	1038	6.040367	6.041359
1.366779	2000	12.403395	12.404761
0.805848	1	0.003254	0.004060
0.344892	1	0.003939	0.004284
0.353853	1	0.002723	0.003076
0.330671	1	0.004453	0.004784
0.329331	1	0.048429	0.048758
0.326818	1	0.003610	0.003937
0.329973	1	0.003989	0.004319
0.339883	1	0.006798	0.007138
0.331628	1	0.003750	0.004082
0.335633	1	0.005277	0.005612
0.803042	1	0.003218	0.004021
0.326495	1	0.005277	0.005603
0.330238	1	0.003876	0.004207
0.327694	1	0.002758	0.003086
0.354666	1	0.004080	0.004435
0.329262	1	0.004629	0.004958
1.460539	1034	6.142659	6.144119
0.345541	1	0.002931	0.003277
2.506707	2000	12.099063	12.101570
0.801818	967	5.802193	5.802995
0.827024	1	0.003316	0.004143
0.345375	1	0.006575	0.006920
0.334402	1	0.004363	0.004698
0.327433	1	0.004363	0.004691
0.328950	1	0.005891	0.006220
0.340271	1	0.091022	0.091362
0.331976	1	0.003750	0.004082
0.336957	1	0.002961	0.003298
0.338706	1	0.003939	0.004278
1.315693	1010	6.157760	6.159076
0.846597	1	0.003930	0.004776
0.329276	1	0.003979	0.004308
0.814416	498	3.027712	3.028527
0.332834	1	0.003791	0.004124
0.338962	1	0.003289	0.003628
0.333725	1	0.003661	0.003994
1.968774	2000	11.762451	11.764420
1.419395	2000	11.599942	11.601361
0.342634	1	0.046311	0.046653
0.337720	1	0.004080	0.004418
1.852229	1002	5.516588	5.518440
0.329716	1	0.008775	0.009104
0.328988	1	0.003274	0.003603
0.327342	1	0.003799	0.004126
0.327954	1	0.005170	0.005498
0.333806	1	0.016468	0.016802
0.326477	1	0.005277	0.005603
2.018437	999	5.819912	5.821931
0.354370	1	0.003328	0.003682
0.326225	1	0.003736	0.004063
0.833585	1	0.003799	0.004633
0.326727	1	0.003661	0.003987
0.328329	1	0.003059	0.003387
0.331042	1	0.006575	0.006906
0.330125	1	0.003784	0.004114
0.330056	1	0.003342	0.003672
0.331990	1	0.002713	0.003045
0.326750	1	0.004293	0.004620
0.357629	1	0.004265	0.004622
0.334428	1	0.003820	0.004154
