29.790473	8002	49.243261	49.273052
27.061737	8002	46.972888	46.999950
32.334752	8002	49.502166	49.534501
28.415500	8002	46.891081	46.919497
28.020161	8002	48.402482	48.430502
28.498904	8002	47.819835	47.848334
133.564422	8002	48.736546	48.870111
28.478832	8002	48.869055	48.897534
29.217866	8002	49.403657	49.432875
28.564693	8002	47.676945	47.705509
26.674667	8002	47.173645	47.200320
29.680048	8002	48.926182	48.955862
29.658995	8002	46.993880	47.023539
30.092784	8002	46.413973	46.444066
26.847306	8002	48.968155	48.995002
86.458610	8002	46.523044	46.609503
42.022036	8002	48.611127	48.653149
28.074351	8002	47.122984	47.151058
27.757237	8002	49.228647	49.256404
27.399060	8002	46.152789	46.180188
29.545146	8002	48.264093	48.293638
28.441356	8002	48.089412	48.117853
28.345663	8002	47.973856	48.002202
27.933441	8002	48.170495	48.198428
126.725370	8002	49.919845	50.046570
27.929529	8002	49.715454	49.743384
31.489520	8002	48.908074	48.939564
27.941659	8002	49.045860	49.073802
29.007920	8002	47.838922	47.867930
26.739178	8002	47.446316	47.473055
36.165291	8002	49.022480	49.058646
27.704332	8002	47.516257	47.543962
28.591400	8002	48.724632	48.753223
81.290842	8002	50.010785	50.092076
29.453450	8002	48.268903	48.298357
27.282462	8002	46.563965	46.591247
34.418510	8002	46.818146	46.852565
26.784684	8002	46.931558	46.958342
28.396918	8002	47.155192	47.183589
27.664722	8002	47.109661	47.137326
28.849197	8002	49.564186	49.593035
27.010192	8002	47.990705	48.017715
99.579099	8002	47.558959	47.658538
30.961908	8002	47.774242	47.805204
31.527890	8002	47.836608	47.868136
28.431259	8002	48.255654	48.284085
28.705726	8002	47.716895	47.745600
29.719042	8002	46.667410	46.697129
33.170672	8002	46.946841	46.980011
29.792876	8002	47.761667	47.791460
29.238868	8002	48.460221	48.489460
88.653178	8002	47.663315	47.751968
27.151795	8002	48.168725	48.195877
27.953429	8002	48.910327	48.938280
28.169193	8002	48.144478	48.172647
25.236263	8002	49.643067	49.668304
30.664980	8002	47.651047	47.681712
29.145632	8002	48.969843	48.998988
48.107441	8002	49.132462	49.180569
28.718600	8002	47.011585	47.040304
122.677347	8002	48.885075	49.007752
29.831898	8002	47.279548	47.309379
30.970294	8002	47.663701	47.694672
27.904876	8002	47.799523	47.827428
27.668606	8002	47.886075	47.913743
83.416089	8002	48.951992	49.035408
28.553377	8002	49.183310	49.211863
29.108083	8002	49.025834	49.054942
27.175384	8002	49.550712	49.577887
83.302942	8002	47.256568	47.339871
31.887161	8002	47.825826	47.857713
28.660847	8002	47.900015	47.928676
28.837836	8002	46.980595	47.009433
27.175564	8002	49.176695	49.203870
125.437740	8002	49.070442	49.195880
28.696965	8002	48.343317	48.372014
30.720593	8002	47.067413	47.098134
27.730223	8002	49.102714	49.130444
128.733449	8002	47.347257	47.475991
28.293980	8002	48.920152	48.948446
29.411595	8002	48.617185	48.646597
28.634203	8002	48.629327	48.657961
27.875422	8002	48.962363	48.990239
31.302186	8002	49.758560	49.789862
31.525631	8002	47.793853	47.825379
27.595549	8002	48.784988	48.812583
28.531759	8002	46.948746	46.977277
91.835889	8002	48.357800	48.449636
31.340473	8002	48.291541	48.322881
28.675304	8002	49.682154	49.710829
29.746685	8002	48.585115	48.614861
27.631681	8002	47.570159	47.597791
31.742612	8002	47.923748	47.955491
29.144460	8002	46.824585	46.853730
28.929446	8002	47.707127	47.736056
27.449305	8002	49.323251	49.350700
95.006864	8002	47.843922	47.938929
28.071804	8002	48.678480	48.706552
31.449946	8002	48.355334	48.386784
30.123425	8002	48.747728	48.777852
