0.317634	1	0.004214	0.004531
0.124274	1	0.003723	0.003848
0.124932	1	0.003937	0.004061
0.123648	1	0.003829	0.003952
0.128046	1	0.005170	0.005298
0.124315	1	0.002929	0.003053
0.122931	1	0.003354	0.003477
0.123936	1	0.005682	0.005806
0.124468	1	0.003274	0.003398
0.123682	1	0.004350	0.004474
0.383345	1	0.007407	0.007790
0.177492	1	0.002713	0.002890
0.176522	1	0.004453	0.004630
0.175169	1	0.005832	0.006007
0.177241	1	0.003254	0.003432
0.176552	1	0.002739	0.002916
0.177523	1	0.003781	0.003959
0.179206	1	0.003425	0.003604
0.179797	1	0.003328	0.003507
0.176256	1	0.006700	0.006876
0.340964	1	0.005277	0.005618
0.124397	1	0.003255	0.003379
0.107516	1	0.003820	0.003927
0.111595	1	0.003162	0.003274
0.109606	1	0.004129	0.004239
0.110068	1	0.005262	0.005372
0.107048	1	0.003939	0.004046
0.106563	1	0.002855	0.002961
0.107263	1	0.017445	0.017552
0.130395	1	0.003230	0.003360
0.374335	1	0.003750	0.004124
0.116213	1	0.028880	0.028996
0.115904	1	0.003474	0.003590
0.116141	1	0.005891	0.006007
0.109928	1	0.004588	0.004698
0.113415	1	0.005277	0.005390
0.111743	1	0.003061	0.003173
0.111418	1	0.003735	0.003846
0.110388	1	0.004096	0.004206
0.111902	1	0.002642	0.002754
0.300305	1	0.002713	0.003013
0.101452	1	0.002983	0.003085
0.101195	1	0.003203	0.003304
0.112654	1	0.003758	0.003871
0.101683	1	0.003750	0.003852
0.102547	1	0.003656	0.003758
0.101753	1	0.003943	0.004045
0.100995	1	0.006700	0.006801
0.101241	1	0.002931	0.003032
0.103925	1	0.004594	0.004698
0.323731	1	0.002723	0.003046
0.113468	1	0.057348	0.057462
0.130867	1	0.003736	0.003867
0.113244	1	0.082097	0.082210
0.119561	1	0.008625	0.008745
0.108315	1	0.004073	0.004181
0.108410	1	0.004214	0.004322
0.108059	1	0.004214	0.004322
0.108135	1	0.003601	0.003709
0.108192	1	0.003633	0.003742
0.358062	1	0.002713	0.003071
0.105412	1	0.003316	0.003421
0.102972	1	0.004946	0.005049
0.103458	1	0.004363	0.004467
0.102471	1	0.004106	0.004208
0.103184	1	0.004629	0.004732
0.107695	1	0.006798	0.006906
0.102889	1	0.009338	0.009441
0.115925	1	0.002983	0.003099
0.103495	1	0.004082	0.004185
0.412086	1	0.005271	0.005683
0.119231	1	0.005513	0.005632
0.101499	1	0.003431	0.003532
0.101405	1	0.057348	0.057450
0.101965	1	0.082097	0.082199
0.101804	1	0.002972	0.003074
0.101626	1	0.002750	0.002851
0.114626	1	0.004946	0.005061
0.101985	1	0.007055	0.007157
0.102891	1	0.004265	0.004367
0.293128	1	0.003328	0.003621
0.100132	1	0.002831	0.002931
0.213080	1	0.004588	0.004801
0.103434	1	0.003013	0.003116
0.101727	1	0.003818	0.003919
0.101064	1	0.002981	0.003083
0.098315	1	0.004179	0.004277
0.098787	1	0.003989	0.004088
0.098281	1	0.002747	0.002845
0.100329	1	0.003939	0.004040
0.254316	1	0.003255	0.003509
0.101534	1	0.057348	0.057450
0.101403	1	0.003474	0.003575
0.101362	1	0.003411	0.003512
0.100732	1	0.003218	0.003318
0.114251	1	0.003445	0.003559
0.101405	1	0.002691	0.002792
0.101872	1	0.004445	0.004547
0.102974	1	0.004594	0.004697
0.101483	1	0.002952	0.003054
