14.984812	8000	46.765575	46.780560	46.78086	1.615284812
0.057518	2	0.006910	0.006968	0.007268	0.000757518
0.017719	1	0.003316	0.003334	0.003634	0.000517719
0.015484	1	0.020797	0.020812	0.021112	0.000515484
0.016494	2	0.006858	0.006875	0.007175	0.000716494
0.015448	2	0.007453	0.007468	0.007768	0.000715448
7.096875	4017	23.321039	23.328136	23.328436	0.810796875
7.399171	3984	24.696064	24.703464	24.703764	0.804499171
0.050611	1	0.003218	0.003268	0.003568	0.000550611
11.054539	4017	23.786168	23.797222	23.797522	0.814754539
8.086413	3948	24.339377	24.347463	24.347763	0.797986413
59.174944	8000	48.755746	48.814921	48.815221	1.659474944
0.064149	1	0.006063	0.006127	0.006427	0.000564149
0.017046	1	0.003289	0.003306	0.003606	0.000517046
0.018115	2	0.007379	0.007397	0.007697	0.000718115
0.016741	1	0.048429	0.048446	0.048746	0.000516741
0.017757	1	0.003750	0.003768	0.004068	0.000517757
0.013537	1	0.004594	0.004607	0.004907	0.000513537
0.014051	1	0.003511	0.003526	0.003826	0.000514051
0.015299	1	0.003871	0.003886	0.004186	0.000515299
0.015220	1	0.005342	0.005357	0.005657	0.00051522
8.191802	4007	23.589527	23.597719	23.598019	0.809891802
0.059812	3	0.013706	0.013766	0.014066	0.000959812
0.014296	1	0.003016	0.003030	0.00333	0.000514296
0.013755	2	0.007419	0.007433	0.007733	0.000713755
0.014118	2	0.006392	0.006406	0.006706	0.000714118
0.011465	1	0.003784	0.003796	0.004096	0.000511465
0.014376	1	0.003699	0.003713	0.004013	0.000514376
0.011015	1	0.003309	0.003320	0.00362	0.000511015
8.919069	4007	24.650652	24.659571	24.659871	0.810619069
0.018251	2	0.045377	0.045395	0.045695	0.000718251
17.050813	8000	47.190640	47.207691	47.207991	1.617350813
0.060015	1	0.082097	0.082157	0.082457	0.000560015
0.016073	1	0.013419	0.013435	0.013735	0.000516073
0.013549	1	0.002892	0.002906	0.003206	0.000513549
0.017750	2	0.008010	0.008027	0.008327	0.00071775
40.148725	4031	24.501291	24.541439	24.541739	0.846648725
0.064384	2	0.060765	0.060830	0.06113	0.000764384
8.449793	3970	24.681039	24.689489	24.689789	0.802749793
16.542329	8000	49.825754	49.842296	49.842596	1.616842329
0.018339	2	0.006773	0.006791	0.007091	0.000718339
0.012386	1	0.002713	0.002725	0.003025	0.000512386
0.011187	1	0.002855	0.002866	0.003166	0.000511187
0.012124	1	0.003696	0.003708	0.004008	0.000512124
0.013033	2	0.008534	0.008547	0.008847	0.000713033
0.010620	2	0.007961	0.007971	0.008271	0.00071062
0.014247	3	0.009563	0.009577	0.009877	0.000914247
0.011267	1	0.003154	0.003165	0.003465	0.000511267
0.011885	1	0.009338	0.009350	0.00965	0.000511885
0.013276	2	0.007309	0.007323	0.007623	0.000713276
0.015704	1	0.003528	0.003543	0.003843	0.000515704
0.010293	1	0.057348	0.057359	0.057659	0.000510293
0.012758	1	0.003016	0.003028	0.003328	0.000512758
0.012678	1	0.004179	0.004192	0.004492	0.000512678
0.012622	1	0.005832	0.005845	0.006145	0.000512622
0.012774	1	0.004842	0.004855	0.005155	0.000512774
9.947902	3991	21.911872	21.921820	21.92212	0.808447902
0.053892	1	0.005342	0.005396	0.005696	0.000553892
16.147906	8000	47.943380	47.959528	47.959828	1.616447906
7.875454	4010	24.763029	24.770905	24.771205	0.810175454
0.016625	1	0.004453	0.004470	0.00477	0.000516625
0.012083	1	0.003338	0.003350	0.00365	0.000512083
0.012041	1	0.003610	0.003622	0.003922	0.000512041
0.011415	1	0.002929	0.002941	0.003241	0.000511415
0.011116	1	0.003132	0.003143	0.003443	0.000511116
0.011792	1	0.003937	0.003948	0.004248	0.000511792
0.010445	1	0.003863	0.003873	0.004173	0.000510445
0.009554	1	0.003818	0.003827	0.004127	0.000509554
0.010311	1	0.003410	0.003420	0.00372	0.000510311
7.667260	4000	22.920009	22.927676	22.927976	0.80796726
0.015477	1	0.003419	0.003434	0.003734	0.000515477
0.012486	1	0.002758	0.002771	0.003071	0.000512486
4.251703	2038	12.183582	12.187834	12.188134	0.412151703
0.032882	1	0.013419	0.013452	0.013752	0.000532882
0.010676	1	0.007055	0.007066	0.007366	0.000510676
0.011545	1	0.006700	0.006712	0.007012	0.000511545
16.796462	8000	47.791974	47.808770	47.80907	1.617096462
16.771777	8000	47.665871	47.682642	47.682942	1.617071777
0.058378	1	0.006798	0.006856	0.007156	0.000558378
0.017468	1	0.004096	0.004113	0.004413	0.000517468
8.080081	4014	24.111619	24.119699	24.119999	0.811180081
0.052745	1	0.003758	0.003811	0.004111	0.000552745
0.017740	1	0.003218	0.003235	0.003535	0.00051774
0.015261	1	0.002642	0.002657	0.002957	0.000515261
0.014324	1	0.004179	0.004193	0.004493	0.000514324
0.014078	1	0.003406	0.003420	0.00372	0.000514078
0.014074	1	0.013419	0.013433	0.013733	0.000514074
7.767833	3987	23.684593	23.692361	23.692661	0.805467833
0.052445	1	0.006798	0.006850	0.00715	0.000552445
0.018142	1	0.003818	0.003836	0.004136	0.000518142
0.016399	2	0.008118	0.008135	0.008435	0.000716399
0.014415	2	0.006582	0.006597	0.006897	0.000714415
0.012289	2	0.009137	0.009149	0.009449	0.000712289
0.012986	2	0.008633	0.008646	0.008946	0.000712986
0.011687	2	0.020787	0.020799	0.021099	0.000711687
0.015550	3	0.010317	0.010332	0.010632	0.00091555
0.012361	1	0.003237	0.003249	0.003549	0.000512361
0.011215	1	0.002983	0.002994	0.003294	0.000511215
0.011910	2	0.011106	0.011118	0.011418	0.00071191
0.012048	1	0.003159	0.003171	0.003471	0.000512048
