697.543759	9001	55.180450	55.877994
687.827776	2001	12.238202	12.926030
703.791000	2003	12.632972	13.336763
681.219638	2005	12.186460	12.867679
704.644050	2007	12.660979	13.365623
717.425902	2009	12.276274	12.993700
713.145786	2011	11.827016	12.540162
699.491897	2013	11.862265	12.561757
717.721677	2015	12.327358	13.045080
728.458120	2017	11.504945	12.233403
709.919429	9001	55.732659	56.442578
727.241288	2001	12.750776	13.478017
695.165398	2003	12.082145	12.777311
717.007126	2005	11.573874	12.290881
727.023982	2007	12.484276	13.211300
692.801474	2009	12.280313	12.973114
729.425567	2011	12.889431	13.618857
755.645440	2013	11.837168	12.592814
712.707485	2015	11.485269	12.197976
681.796961	2017	12.004595	12.686392
684.977615	9001	52.146093	52.831071
661.081273	2001	11.991780	12.652862
692.585880	2003	11.324668	12.017254
675.882097	2005	12.770356	13.446238
684.713552	2007	12.641482	13.326196
692.682741	2009	11.888150	12.580832
705.993024	2011	13.433728	14.139721
678.559049	2013	11.496905	12.175464
684.505171	2015	13.269044	13.953549
668.745946	2017	12.698159	13.366905
699.026842	9001	53.270617	53.969644
713.576310	2001	11.637491	12.351067
682.826241	2003	11.854966	12.537792
703.831241	2005	12.054167	12.757998
703.167366	2007	12.148493	12.851660
663.047352	2009	11.629803	12.292850
677.789282	2011	13.134391	13.812180
700.503947	2013	12.680886	13.381390
702.543225	2015	12.396627	13.099170
705.510264	2017	12.880798	13.586308
674.603151	9001	54.499875	55.174479
681.904880	2001	11.527606	12.209511
705.191577	2003	11.192983	11.898175
689.145750	2005	11.767673	12.456819
676.031087	2007	12.615230	13.291261
703.685608	2009	11.906038	12.609723
700.325617	2011	12.057772	12.758098
676.783127	2013	11.250054	11.926837
684.510526	2015	11.708563	12.393073
680.849697	2017	12.299792	12.980642
717.139540	9001	53.851924	54.569063
725.536345	2001	12.526481	13.252017
699.209683	2003	11.869163	12.568373
703.534719	2005	12.732933	13.436468
729.505049	2007	12.958913	13.688418
704.279062	2009	11.442797	12.147076
721.992093	2011	12.295214	13.017206
715.412615	2013	12.246871	12.962284
689.993185	2015	11.808378	12.498372
726.175396	2017	11.736677	12.462853
665.619878	9001	56.564324	57.229944
667.487610	2001	12.433964	13.101451
657.950491	2003	12.740620	13.398570
673.750637	2005	11.882416	12.556167
641.307528	2007	11.791213	12.432521
671.399416	2009	12.180509	12.851908
667.852140	2011	11.486066	12.153918
652.521956	2013	12.613420	13.265942
682.862074	2015	12.467045	13.149907
679.737109	2017	13.223836	13.903573
728.528632	9001	53.029532	53.758060
751.483393	2001	11.689323	12.440807
695.431948	2003	11.757706	12.453138
728.241870	2005	11.661611	12.389853
716.352559	2007	12.601231	13.317583
701.928702	2009	12.200778	12.902706
722.153493	2011	12.137018	12.859172
736.783033	2013	12.213477	12.950260
728.695620	2015	11.656818	12.385513
715.840482	2017	12.175388	12.891228
706.869779	9001	54.836525	55.543395
694.331352	2001	11.505189	12.199520
698.619564	2003	12.457137	13.155756
729.787746	2005	12.010778	12.740566
701.497331	2007	12.194221	12.895719
732.914646	2009	11.556223	12.289138
727.348479	2011	12.193122	12.920470
694.932507	2013	11.856208	12.551141
702.910497	2015	12.551758	13.254668
733.516410	2017	12.726437	13.459953
713.309948	9001	52.373168	53.086478
718.815508	2001	11.909350	12.628165
714.719429	2003	12.271469	12.986189
741.613635	2005	12.008324	12.749938
740.098408	2007	12.636592	13.376691
678.000369	2009	11.435868	12.113868
694.679945	2011	12.354992	13.049672
706.897205	2013	11.815587	12.522484
690.713948	2015	11.790463	12.481177
672.865650	2017	12.007253	12.680119
